Position, Position error, Orientation error, Joint error
[0 0 0], [ 0.009  0.012 -0.006], [ 0.002 -0.001  0.007 -0.007], [ 0.006  0.017  0.003  0.005  0.013  0.008 -0.006  0.014  0.004 -0.
  0.   ]
[0.1 0.  0. ], [ 0.012  0.013 -0.006], [ 0.002 -0.001  0.009 -0.009], [ 0.004  0.024  0.004  0.004  0.014  0.008 -0.005  0.015  0.005 -0.
  0.   ]
[0.2 0.  0. ], [ 0.014  0.015 -0.006], [ 0.001  0.     0.011 -0.011], [ 0.002  0.03   0.004  0.004  0.015  0.007 -0.005  0.015  0.005 -0.
  0.   ]
[0.3 0.  0. ], [ 0.018  0.02  -0.006], [ 0.001  0.001  0.014 -0.014], [ 0.     0.04   0.004  0.004  0.015  0.006 -0.004  0.015  0.005 -0.
  0.   ]
[0.4 0.  0. ], [ 0.015  0.019 -0.   ], [-0.    -0.     0.016 -0.015], [-0.004  0.039  0.     0.    -0.     0.    -0.    -0.    -0.005 -0.
  0.   ]
[0.5 0.  0. ], [0.01  0.008 0.004], [ 0.001 -0.001  0.015 -0.014], [-0.016  0.033 -0.003 -0.004 -0.011 -0.001  0.002 -0.01  -0.008 -0.
  0.   ]
[0.6 0.  0. ], [ 0.001 -0.035  0.001], [ 0.    -0.     0.002 -0.002], [-0.042  0.008 -0.002 -0.002 -0.003  0.002 -0.    -0.002  0.003 -0.
  0.   ]
[0.7 0.  0. ], [ 0.046 -0.025  0.03 ], [-0.032 -0.042 -0.031  0.035], [-0.005 -0.     0.     0.     0.001 -0.14   0.     0.     0.002 -0.
  0.   ]
[0.  0.1 0. ], [ 0.009  0.022 -0.006], [ 0.002 -0.002  0.007 -0.007], [ 0.016  0.018  0.003  0.004  0.014  0.009 -0.006  0.015  0.005 -0.
  0.   ]
[0.1 0.1 0. ], [ 0.012  0.021 -0.006], [ 0.002 -0.001  0.009 -0.009], [ 0.012  0.025  0.004  0.004  0.014  0.008 -0.005  0.015  0.005 -0.
  0.   ]
[0.2 0.1 0. ], [ 0.014  0.02  -0.006], [ 0.001  0.     0.011 -0.011], [ 0.007  0.031  0.004  0.004  0.015  0.008 -0.004  0.015  0.005 -0.
  0.   ]
[0.3 0.1 0. ], [ 0.017  0.023 -0.006], [ 0.001  0.001  0.013 -0.013], [ 0.003  0.04   0.004  0.004  0.015  0.007 -0.004  0.015  0.005 -0.
  0.   ]
[0.4 0.1 0. ], [ 0.014  0.022 -0.   ], [-0.    -0.     0.015 -0.015], [ 0.     0.038  0.     0.    -0.     0.    -0.    -0.    -0.005 -0.
  0.   ]
[0.5 0.1 0. ], [0.01  0.021 0.004], [ 0.001 -0.001  0.015 -0.015], [-0.005  0.035 -0.003 -0.003 -0.012 -0.002  0.002 -0.01  -0.007 -0.
  0.   ]
[0.6 0.1 0. ], [0.004 0.    0.004], [ 0.003 -0.001  0.011 -0.011], [-0.024  0.027 -0.003 -0.005 -0.012  0.001  0.001 -0.009 -0.002 -0.
  0.   ]
[0.7 0.1 0. ], [ 0.042 -0.028  0.028], [-0.03  -0.038 -0.026  0.029], [-0.01  -0.    -0.    -0.     0.002 -0.125  0.     0.    -0.001 -0.
  0.   ]
[0.  0.2 0. ], [ 0.009  0.039 -0.006], [ 0.002 -0.002  0.007 -0.007], [ 0.033  0.019  0.003  0.004  0.014  0.009 -0.005  0.015  0.005 -0.
  0.   ]
[0.1 0.2 0. ], [ 0.012  0.035 -0.006], [ 0.002 -0.001  0.009 -0.009], [ 0.026  0.026  0.004  0.003  0.015  0.009 -0.005  0.016  0.005 -0.
  0.   ]
[0.2 0.2 0. ], [ 0.014  0.031 -0.006], [ 0.001 -0.     0.011 -0.011], [ 0.018  0.033  0.004  0.003  0.015  0.008 -0.004  0.016  0.005 -0.
  0.   ]
[0.3 0.2 0. ], [ 0.017  0.03  -0.006], [ 0.001  0.001  0.014 -0.013], [ 0.01   0.041  0.004  0.004  0.016  0.007 -0.004  0.015  0.005 -0.
  0.   ]
[0.4 0.2 0. ], [ 0.014  0.024 -0.   ], [-0.    -0.     0.015 -0.015], [ 0.002  0.037  0.     0.    -0.     0.    -0.    -0.    -0.005 -0.
  0.   ]
[0.5 0.2 0. ], [0.01  0.025 0.004], [ 0.001 -0.001  0.015 -0.015], [-0.001  0.034 -0.003 -0.003 -0.012 -0.002  0.001 -0.01  -0.008 -0.
  0.   ]
[0.6 0.2 0. ], [0.003 0.016 0.004], [ 0.003 -0.001  0.012 -0.012], [-0.01   0.029 -0.003 -0.004 -0.012  0.001  0.001 -0.009 -0.002 -0.
  0.   ]
[0.7 0.2 0. ], [ 0.037 -0.014  0.025], [-0.026 -0.035 -0.022  0.025], [ 0.   -0.   -0.   -0.    0.   -0.11  0.    0.   -0.   -0.    0.  ]
[0.  0.3 0. ], [0.004 0.045 0.003], [-0.002  0.001  0.002 -0.002], [ 0.046  0.004 -0.002 -0.002 -0.01  -0.007  0.004 -0.011 -0.005 -0.
  0.   ]
[0.1 0.3 0. ], [ 0.009  0.046 -0.   ], [-0.     0.     0.007 -0.007], [ 0.041  0.018  0.     0.    -0.     0.    -0.    -0.    -0.002 -0.
  0.   ]
[0.2 0.3 0. ], [ 0.011  0.039 -0.   ], [-0.     0.     0.009 -0.009], [ 0.03   0.024  0.     0.    -0.     0.    -0.    -0.    -0.003 -0.
  0.   ]
[0.3 0.3 0. ], [ 0.013  0.034 -0.   ], [-0.    -0.     0.012 -0.012], [ 0.019  0.031  0.     0.    -0.     0.    -0.    -0.    -0.004 -0.
  0.   ]
[0.4 0.3 0. ], [ 0.014  0.031 -0.   ], [-0.    -0.     0.015 -0.015], [ 0.008  0.038  0.     0.    -0.     0.    -0.    -0.    -0.004 -0.
  0.   ]
[0.5 0.3 0. ], [0.013 0.036 0.   ], [ 0.    -0.     0.02  -0.019], [ 0.002  0.049  0.     0.    -0.     0.    -0.    -0.    -0.005 -0.
  0.   ]
[0.6 0.3 0. ], [0.003 0.027 0.004], [ 0.003 -0.001  0.013 -0.012], [ 0.     0.03  -0.003 -0.004 -0.013  0.001  0.    -0.009 -0.002 -0.
  0.   ]
[0.7 0.3 0. ], [0.033 0.023 0.022], [-0.023 -0.03  -0.005  0.006], [ 0.     0.039 -0.     0.    -0.    -0.093  0.     0.     0.     0.
 -0.   ]
[0.  0.4 0. ], [-0.005  0.044 -0.001], [ 0.001 -0.001 -0.003  0.003], [ 0.045 -0.008  0.001  0.001  0.003  0.002 -0.001  0.004  0.001  0.
  0.   ]
[0.1 0.4 0. ], [-0.006  0.042 -0.001], [ 0.001 -0.    -0.005  0.005], [ 0.045 -0.012  0.001  0.     0.004  0.003 -0.001  0.005  0.003  0.
  0.   ]
[0.2 0.4 0. ], [0.003 0.042 0.003], [-0.001  0.     0.003 -0.003], [ 0.041  0.003 -0.003 -0.002 -0.011 -0.006  0.002 -0.012 -0.005 -0.
  0.   ]
[0.3 0.4 0. ], [ 0.013  0.051 -0.   ], [-0.    -0.     0.013 -0.013], [ 0.035  0.032  0.     0.    -0.     0.    -0.    -0.    -0.003 -0.
  0.   ]
[0.4 0.4 0. ], [ 0.014  0.044 -0.   ], [-0.    -0.     0.016 -0.016], [ 0.019  0.041  0.     0.    -0.     0.    -0.    -0.    -0.004 -0.
  0.   ]
[0.5 0.4 0. ], [0.009 0.03  0.004], [ 0.001 -0.001  0.015 -0.015], [ 0.005  0.033 -0.003 -0.003 -0.012 -0.002  0.001 -0.01  -0.008 -0.
  0.   ]
[0.6 0.4 0. ], [0.006 0.039 0.004], [ 0.003 -0.001  0.02  -0.019], [-0.     0.045 -0.002 -0.004 -0.013  0.     0.    -0.01  -0.007 -0.
  0.   ]
[0.7 0.4 0. ], [ 0.026 -0.004  0.018], [-0.019 -0.025 -0.013  0.014], [ 0.     0.005  0.     0.    -0.001 -0.076 -0.    -0.     0.001  0.
 -0.   ]
[0.  0.5 0. ], [0.002 0.048 0.   ], [-0.     0.     0.002 -0.002], [ 0.047  0.005 -0.    -0.    -0.    -0.     0.    -0.     0.     0.
 -0.   ]
[0.1 0.5 0. ], [-0.002  0.044  0.001], [-0.001  0.    -0.002  0.002], [ 0.047 -0.007 -0.001 -0.    -0.004 -0.003  0.001 -0.004 -0.002 -0.
  0.   ]
[0.2 0.5 0. ], [-0.011  0.027  0.   ], [-0.     0.    -0.009  0.009], [ 0.038 -0.028 -0.    -0.    -0.001 -0.001  0.    -0.001 -0.001 -0.
  0.   ]
[0.3 0.5 0. ], [-0.002  0.039  0.001], [-0.    -0.    -0.002  0.002], [ 0.042 -0.006 -0.001 -0.001 -0.004 -0.001  0.    -0.003  0.001  0.
 -0.   ]
[0.4 0.5 0. ], [0.01  0.05  0.004], [ 0.    -0.001  0.013 -0.013], [ 0.032  0.028 -0.003 -0.002 -0.012 -0.004  0.001 -0.011 -0.008 -0.
  0.   ]
[0.5 0.5 0. ], [0.009 0.041 0.004], [ 0.001 -0.001  0.016 -0.016], [ 0.014  0.035 -0.003 -0.003 -0.013 -0.003  0.001 -0.011 -0.008 -0.
  0.   ]
[0.6 0.5 0. ], [0.005 0.042 0.004], [ 0.003 -0.001  0.02  -0.02 ], [ 0.003  0.045 -0.002 -0.003 -0.013 -0.     0.    -0.01  -0.007 -0.
  0.   ]
[0.7 0.5 0. ], [ 0.019 -0.003  0.014], [-0.01  -0.022 -0.012  0.012], [ 0.     0.     0.     0.     0.    -0.058  0.012  0.     0.     0.
 -0.   ]
[0.  0.6 0. ], [-0.001  0.045  0.   ], [-0.     0.    -0.001  0.001], [ 0.045 -0.002 -0.    -0.    -0.    -0.001  0.    -0.001 -0.001 -0.
  0.   ]
[0.1 0.6 0. ], [ 0.005  0.049 -0.001], [ 0.    -0.     0.004 -0.004], [ 0.045  0.013  0.    -0.     0.002  0.002 -0.     0.003  0.001  0.
 -0.   ]
[0.2 0.6 0. ], [-0.009  0.034 -0.   ], [-0.     0.    -0.008  0.008], [ 0.043 -0.022 -0.    -0.    -0.    -0.     0.    -0.     0.    -0.
  0.   ]
[0.3 0.6 0. ], [-0.013  0.008  0.   ], [-0.    -0.    -0.013  0.014], [ 0.027 -0.038 -0.    -0.    -0.    -0.     0.    -0.     0.    -0.
  0.   ]
[0.4 0.6 0. ], [-0.     0.043  0.001], [-0.    -0.    -0.001  0.001], [ 0.043 -0.002 -0.001 -0.001 -0.004 -0.     0.    -0.003  0.001  0.
 -0.   ]
[0.5 0.6 0. ], [0.004 0.041 0.004], [ 0.001 -0.001  0.01  -0.01 ], [ 0.025  0.019 -0.002 -0.003 -0.013 -0.002  0.    -0.01  -0.004  0.
 -0.   ]
[0.6 0.6 0. ], [0.002 0.032 0.004], [ 0.003 -0.001  0.012 -0.012], [ 0.006  0.027 -0.002 -0.004 -0.014  0.001 -0.    -0.009 -0.002  0.
 -0.   ]
[0.7 0.6 0. ], [0.015 0.007 0.013], [-0.008 -0.017 -0.005  0.005], [-0.002  0.011 -0.002 -0.003 -0.008 -0.039  0.003 -0.001  0.006  0.
 -0.   ]
[0.  0.7 0. ], [-0.083  0.116 -0.03 ], [ 0.08   0.03   0.025 -0.019], [ 0.065 -0.     0.     0.    -0.     0.182  0.    -0.     0.     0.
 -0.   ]
[0.1 0.7 0. ], [-0.057  0.058 -0.018], [ 0.047  0.025  0.015 -0.012], [ 0.035  0.     0.    -0.     0.     0.114 -0.     0.    -0.    -0.
  0.   ]
[0.2 0.7 0. ], [ 0.002  0.048 -0.   ], [ 0.    -0.     0.002 -0.002], [ 0.045  0.007  0.    -0.     0.001  0.001 -0.     0.001  0.     0.
 -0.   ]
[0.3 0.7 0. ], [-0.009  0.022 -0.001], [ 0.   -0.   -0.01  0.01], [ 0.036 -0.028  0.    -0.     0.002  0.001 -0.     0.002  0.001 -0.
  0.   ]
[0.4 0.7 0. ], [-0.012 -0.017 -0.   ], [-0.     0.    -0.016  0.016], [ 0.011 -0.046  0.     0.     0.001  0.    -0.     0.001 -0.    -0.
  0.   ]
[0.5 0.7 0. ], [0.    0.043 0.001], [ 0.    -0.     0.001 -0.001], [ 0.039  0.003 -0.001 -0.001 -0.004  0.001 -0.    -0.002  0.002  0.
 -0.   ]
[0.6 0.7 0. ], [0.002 0.045 0.004], [ 0.003 -0.001  0.013 -0.013], [ 0.018  0.028 -0.002 -0.004 -0.014  0.    -0.    -0.009 -0.002  0.
 -0.   ]
[0.7 0.7 0. ], [0.007 0.042 0.01 ], [-0.    -0.011  0.011 -0.01 ], [ 0.006  0.035 -0.001 -0.005 -0.017 -0.02   0.001 -0.009  0.001  0.
 -0.   ]
[0.  0.8 0. ], [-0.23   0.121 -0.103], [ 0.168  0.136  0.04  -0.006], [ 0.082 -0.     0.    -0.     0.     0.441 -0.    -0.    -0.    -0.
  0.   ]
[0.1 0.8 0. ], [-0.197  0.07  -0.081], [ 0.133  0.124  0.034 -0.009], [ 0.05  -0.    -0.    -0.    -0.     0.371 -0.    -0.     0.    -0.
  0.   ]
[0.2 0.8 0. ], [-0.069  0.067 -0.021], [ 0.048  0.039  0.013 -0.01 ], [ 0.054  0.     0.     0.    -0.     0.129 -0.     0.     0.     0.
 -0.   ]
[0.3 0.8 0. ], [-0.003  0.038  0.   ], [-0.     0.    -0.003  0.003], [ 0.044 -0.011 -0.    -0.    -0.001 -0.     0.    -0.001 -0.001 -0.
  0.   ]
[0.4 0.8 0. ], [-0.008 -0.002  0.   ], [ 0.    -0.    -0.012  0.012], [ 0.019 -0.035 -0.    -0.    -0.001 -0.001  0.    -0.001 -0.001 -0.
  0.   ]
[0.5 0.8 0. ], [-0.007 -0.052 -0.   ], [-0.     0.    -0.016  0.016], [-0.02  -0.045  0.    -0.     0.001  0.001 -0.     0.001  0.    -0.
  0.   ]
[0.6 0.8 0. ], [0.    0.041 0.001], [ 0.001 -0.     0.003 -0.003], [ 0.032  0.009 -0.001 -0.002 -0.005  0.002 -0.001 -0.002  0.004  0.
 -0.   ]
[0.7 0.8 0. ], [-0.     0.057  0.004], [ 0.006 -0.003  0.015 -0.015], [ 0.018  0.036 -0.001 -0.004 -0.017 -0.    -0.001 -0.011 -0.001  0.
 -0.   ]
[0.  0.9 0. ], [-0.279  0.052 -0.141], [0.135 0.239 0.031 0.023], [ 0.127 -0.    -0.     0.    -0.     0.555 -0.    -0.     0.    -0.
  0.   ]
[0.1 0.9 0. ], [-0.26  -0.035 -0.137], [0.105 0.243 0.029 0.021], [ 0.065  0.    -0.     0.    -0.     0.536  0.     0.     0.     0.
 -0.   ]
[0.2 0.9 0. ], [-0.188  0.051 -0.076], [ 0.109  0.134  0.028 -0.006], [ 0.061 -0.    -0.    -0.    -0.     0.351 -0.    -0.     0.    -0.
  0.   ]
[0.3 0.9 0. ], [-0.001  0.087 -0.   ], [ 0.001  0.001  0.    -0.   ], [ 0.087  0.     0.     0.    -0.     0.002 -0.     0.     0.     0.
 -0.   ]
[0.4 0.9 0. ], [-0.    0.06 -0.  ], [-0. -0. -0.  0.], [ 0.06  0.    0.    0.   -0.    0.   -0.   -0.    0.    0.   -0.  ]
[0.5 0.9 0. ], [-0.004 -0.041  0.   ], [ 0.    -0.    -0.022  0.023], [-0.003 -0.025 -0.039 -0.    -0.     0.    -0.     0.    -0.     0.
  0.   ]
[0.6 0.9 0. ], [-0.001 -0.053 -0.   ], [ 0.     0.    -0.002  0.002], [-0.048 -0.006 -0.    -0.    -0.     0.001 -0.     0.     0.001  0.
  0.   ]
[0.7 0.9 0. ], [-0.001  0.049  0.001], [ 0.003 -0.001  0.004 -0.004], [ 0.033  0.014 -0.001 -0.003 -0.009  0.004 -0.002 -0.002  0.006  0.
 -0.   ]
[0. 1. 0.], [-0.234  0.018 -0.144], [0.026 0.277 0.021 0.035], [ 0.191  0.     0.    -0.072  0.     0.559  0.     0.    -0.     0.
 -0.   ]
[0.1 1.  0. ], [-0.204 -0.091 -0.142], [-0.022  0.273  0.018  0.036], [ 0.115 -0.    -0.    -0.093 -0.     0.565 -0.    -0.     0.    -0.
  0.   ]
[0.2 1.  0. ], [-0.232 -0.044 -0.129], [0.087 0.227 0.025 0.018], [ 0.057 -0.     0.     0.    -0.     0.491  0.    -0.     0.    -0.
  0.   ]
[0.3 1.  0. ], [-0.078  0.125 -0.023], [ 0.048  0.051  0.011 -0.008], [ 0.123  0.     0.    -0.     0.     0.143  0.     0.    -0.     0.
 -0.   ]
[0.4 1.  0. ], [-0.     0.122 -0.   ], [-0. -0.  0. -0.], [ 0.122 -0.     0.    -0.     0.    -0.    -0.    -0.    -0.    -0.
  0.   ]
[0.5 1.  0. ], [0.    0.074 0.   ], [ 0.  0. -0.  0.], [ 0.074  0.     0.    -0.     0.    -0.     0.     0.     0.     0.
 -0.   ]
[0.6 1.  0. ], [ 0.    -0.037 -0.   ], [-0.    0.   -0.02  0.02], [ 0.002 -0.019 -0.037 -0.001 -0.     0.001 -0.     0.     0.    -0.
  0.   ]
[0.7 1.  0. ], [ 0.001 -0.004  0.   ], [-0.     0.     0.008 -0.008], [-0.028  0.038 -0.015 -0.     0.    -0.    -0.    -0.    -0.    -0.
  0.   ]
[0.  1.1 0. ], [-0.086  0.037 -0.131], [-0.092  0.215 -0.072  0.125], [ 0.218  0.     0.    -0.323 -0.     0.352  0.271 -0.    -0.     0.
 -0.   ]
[0.1 1.1 0. ], [-0.026 -0.027 -0.122], [-0.131  0.148 -0.123  0.186], [ 0.124  0.     0.    -0.483  0.     0.29   0.458  0.    -0.     0.
 -0.   ]
[0.2 1.1 0. ], [-0.162 -0.087 -0.13 ], [-0.041  0.226  0.006  0.032], [ 0.09   0.     0.    -0.165 -0.     0.503  0.    -0.    -0.     0.
 -0.   ]
[0.3 1.1 0. ], [-0.131  0.152 -0.046], [ 0.078  0.089  0.016 -0.006], [ 0.154  0.     0.     0.     0.     0.24   0.     0.    -0.     0.
 -0.   ]
[0.4 1.1 0. ], [-0.     0.179 -0.   ], [-0. -0.  0. -0.], [ 0.179 -0.     0.    -0.     0.    -0.    -0.    -0.    -0.    -0.
  0.   ]
[0.5 1.1 0. ], [-0.001  0.1    0.   ], [ 0.     0.    -0.032  0.034], [ 0.148 -0.    -0.093 -0.    -0.    -0.     0.     0.     0.     0.
 -0.   ]
[0.6 1.1 0. ], [0.004 0.028 0.   ], [ 0.     0.    -0.034  0.036], [ 0.088  0.    -0.098 -0.     0.     0.    -0.     0.     0.    -0.
  0.   ]
[0.7 1.1 0. ], [0.003 0.117 0.   ], [ 0.     0.     0.029 -0.028], [ 0.044  0.089 -0.009 -0.    -0.     0.    -0.    -0.     0.    -0.
  0.   ]
[0.  1.2 0. ], [-0.013  0.178 -0.162], [-0.115  0.191 -0.06   0.105], [ 0.249 -0.    -0.    -0.643 -0.     0.     0.32   0.     0.    -0.
  0.   ]
[0.1 1.2 0. ], [-0.015  0.155 -0.225], [-0.129  0.218 -0.061  0.119], [ 0.201  0.     0.    -0.828  0.    -0.     0.43  -0.    -0.    -0.
 -0.   ]
[0.2 1.2 0. ], [-0.013  0.141 -0.254], [-0.128  0.223 -0.065  0.126], [ 0.157  0.     0.    -0.968  0.    -0.     0.544 -0.     0.     0.
 -0.   ]
[0.3 1.2 0. ], [ 0.055  0.004 -0.314], [-0.128  0.25  -0.166  0.308], [ 0.125 -0.    -0.489 -1.092  0.     0.     0.599  0.    -0.    -0.
  0.   ]
[0.4 1.2 0. ], [ 0.019  0.325 -0.   ], [-0.    -0.     0.053 -0.049], [ 0.24   0.144  0.     0.    -0.    -0.    -0.     0.     0.     0.
 -0.   ]
[0.5 1.2 0. ], [0.007 0.27  0.   ], [ 0.     0.     0.025 -0.024], [ 0.222  0.07  -0.     0.    -0.     0.    -0.    -0.     0.    -0.
  0.   ]
[0.6 1.2 0. ], [0.005 0.245 0.   ], [ 0.     0.     0.032 -0.031], [ 0.174  0.088  0.     0.    -0.    -0.     0.     0.    -0.     0.
 -0.   ]
[0.7 1.2 0. ], [0.003 0.19  0.   ], [ 0.     0.     0.011 -0.01 ], [ 0.14   0.151 -0.121 -0.     0.     0.    -0.    -0.    -0.    -0.
  0.   ]
[0.  1.3 0. ], [-0.04   0.274 -0.249], [-0.074  0.28  -0.018  0.083], [ 0.334  0.     0.    -0.736  0.    -0.     0.239 -0.     0.     0.
 -0.   ]
[0.1 1.3 0. ], [-0.038  0.289 -0.329], [-0.068  0.318 -0.012  0.093], [ 0.307 -0.    -0.    -0.911  0.     0.     0.348  0.     0.    -0.
  0.   ]
[0.2 1.3 0. ], [-0.033  0.318 -0.379], [-0.044  0.334 -0.005  0.091], [ 0.287 -0.    -0.    -1.048  0.     0.     0.46   0.     0.    -0.
  0.   ]
[0.3 1.3 0. ], [ 0.004  0.27  -0.436], [-0.027  0.353 -0.055  0.165], [ 0.269 -0.    -0.252 -1.176  0.     0.     0.557 -0.    -0.    -0.
  0.   ]
[0.4 1.3 0. ], [ 0.108  0.131 -0.564], [-0.003  0.422 -0.134  0.368], [ 0.268  0.    -0.902 -1.32  -0.    -0.     0.626 -0.     0.     0.
 -0.   ]
[0.5 1.3 0. ], [0.072 0.563 0.   ], [ 0.     0.     0.152 -0.125], [ 0.298  0.394 -0.    -0.     0.    -0.    -0.    -0.     0.    -0.
  0.   ]
[0.6 1.3 0. ], [0.029 0.463 0.   ], [ 0.     0.     0.096 -0.084], [ 0.261  0.255  0.     0.     0.     0.     0.     0.    -0.     0.
 -0.   ]
[0.7 1.3 0. ], [0.02  0.438 0.   ], [ 0.     0.     0.085 -0.076], [ 0.235  0.228  0.    -0.     0.    -0.    -0.    -0.    -0.    -0.
  0.   ]
[0.  1.4 0. ], [-0.064  0.407 -0.309], [-0.023  0.332  0.031  0.05 ], [ 0.427  0.     0.    -0.784 -0.066 -0.     0.174 -0.     0.     0.
 -0.   ]
[0.1 1.4 0. ], [-0.037  0.417 -0.402], [-0.015  0.373  0.02   0.084], [ 0.412 -0.    -0.    -0.959  0.     0.     0.286  0.    -0.    -0.
  0.   ]
[0.2 1.4 0. ], [-0.022  0.469 -0.463], [0.022 0.392 0.034 0.08 ], [ 0.404  0.    -0.    -1.094 -0.     0.     0.4   -0.    -0.    -0.
  0.   ]
[0.3 1.4 0. ], [ 0.014  0.438 -0.518], [ 0.043  0.407 -0.006  0.138], [ 0.393 -0.    -0.219 -1.211  0.    -0.     0.505  0.    -0.     0.
 -0.   ]
[0.4 1.4 0. ], [ 0.11   0.29  -0.618], [ 0.043  0.459 -0.096  0.329], [ 0.384  0.    -0.842 -1.341 -0.     0.     0.598  0.    -0.    -0.
  0.   ]
[0.5 1.4 0. ], [ 0.267  0.128 -0.683], [-0.016  0.505 -0.129  0.491], [ 0.368 -0.    -1.696 -1.487 -0.    -0.378  0.664 -0.085  0.     0.
 -0.   ]
[0.6 1.4 0. ], [ 0.378  0.114 -0.683], [-0.041  0.503 -0.126  0.481], [ 0.352  0.17  -2.118 -1.546  0.    -0.687  0.657 -0.119 -0.    -0.
  0.   ]
[0.7 1.4 0. ], [0.047 0.635 0.   ], [ 0.     0.     0.133 -0.112], [ 0.327  0.348 -0.     0.    -0.    -0.    -0.    -0.    -0.    -0.
  0.   ]
[0.7 1.4 0. ], [0.047 0.635 0.   ], [ 0.     0.     0.133 -0.112], [ 0.327  0.348 -0.     0.    -0.    -0.    -0.    -0.    -0.    -0.
  0.   ]
