Position, Position error, Orientation error, Joint error
[0 0 0], [ 0.014  0.013 -0.011], [-0.001 -0.008  0.002 -0.002], [-0.002  0.016  0.024  0.003  0.018 -0.004  0.017  0.027  0.     0.   ]
[0.1 0.  0. ], [ 0.015  0.014 -0.011], [-0.    -0.008  0.002 -0.002], [ 0.     0.019  0.024 -0.001  0.014 -0.004  0.017  0.027  0.    -0.   ]
[0.2 0.  0. ], [ 0.019  0.017 -0.012], [ 0.001 -0.005  0.004 -0.004], [ 0.008  0.02   0.024 -0.002  0.011 -0.004  0.018  0.026  0.    -0.   ]
[0.3 0.  0. ], [ 0.023  0.02  -0.014], [ 0.001 -0.     0.006 -0.005], [ 0.017  0.018  0.024  0.001  0.007 -0.005  0.018  0.027  0.     0.   ]
[0.4 0.  0. ], [-0.171 -0.174 -0.066], [ 0.164  0.039 -0.185  0.288], [-0.     0.    -0.     0.    -0.706  0.    -0.176 -0.     0.    -0.   ]
[0.5 0.  0. ], [-0.143 -0.212 -0.068], [ 0.167  0.035 -0.189  0.298], [ 0.    -0.    -0.    -0.    -0.729 -0.    -0.16  -0.    -0.    -0.   ]
[0.6 0.  0. ], [-0.073 -0.264 -0.066], [ 0.164  0.045 -0.187  0.292], [-0.    -0.    -0.     0.    -0.717 -0.    -0.141 -0.    -0.    -0.   ]
[0.7 0.  0. ], [ 0.003 -0.315 -0.066], [ 0.161  0.054 -0.187  0.292], [-0.     0.    -0.     0.    -0.716  0.    -0.121  0.     0.    -0.   ]
[0.  0.1 0. ], [ 0.006  0.009 -0.005], [ 0.    -0.006  0.001 -0.001], [-0.002  0.01   0.014  0.001  0.012 -0.002  0.008  0.016  0.     0.   ]
[0.1 0.1 0. ], [ 0.008  0.01  -0.005], [ 0.001 -0.006  0.002 -0.002], [-0.     0.012  0.014 -0.002  0.01  -0.002  0.008  0.016  0.     0.   ]
[0.2 0.1 0. ], [ 0.008  0.011 -0.006], [ 0.002 -0.005  0.001 -0.001], [ 0.001  0.013  0.014 -0.002  0.006 -0.001  0.009  0.016  0.    -0.   ]
[0.3 0.1 0. ], [ 0.011  0.015 -0.008], [ 0.002 -0.001  0.004 -0.004], [ 0.008  0.013  0.014  0.001  0.008 -0.003  0.009  0.017  0.     0.   ]
[0.4 0.1 0. ], [-0.121 -0.165 -0.055], [ 0.144  0.071 -0.158  0.231], [ 0.    -0.     0.    -0.    -0.576 -0.    -0.191  0.     0.     0.   ]
[0.5 0.1 0. ], [-0.151 -0.222 -0.071], [ 0.161  0.061 -0.2    0.323], [ 0.    -0.     0.     0.    -0.785 -0.    -0.166 -0.    -0.     0.   ]
[0.6 0.1 0. ], [-0.103 -0.235 -0.066], [ 0.159  0.058 -0.189  0.297], [ 0.    -0.     0.     0.    -0.726 -0.    -0.157  0.    -0.     0.   ]
[0.7 0.1 0. ], [-0.022 -0.282 -0.065], [ 0.155  0.065 -0.187  0.292], [-0.     0.    -0.     0.    -0.716  0.    -0.136  0.     0.    -0.   ]
[0.  0.2 0. ], [ 0.004  0.011 -0.004], [ 0.001 -0.006  0.001 -0.001], [-0.004  0.012  0.014  0.001  0.013 -0.002  0.008  0.018 -0.     0.   ]
[0.1 0.2 0. ], [ 0.006  0.012 -0.005], [ 0.001 -0.006  0.002 -0.002], [-0.003  0.014  0.014 -0.001  0.012 -0.002  0.008  0.018 -0.     0.   ]
[0.2 0.2 0. ], [ 0.007  0.014 -0.006], [ 0.002 -0.005  0.002 -0.002], [-0.001  0.016  0.014 -0.002  0.009 -0.002  0.009  0.017 -0.     0.   ]
[0.3 0.2 0. ], [ 0.007  0.014 -0.008], [ 0.002 -0.002  0.003 -0.003], [ 0.001  0.016  0.014 -0.     0.009 -0.003  0.009  0.018  0.    -0.   ]
[0.4 0.2 0. ], [-0.098 -0.177 -0.054], [ 0.132  0.089 -0.155  0.227], [ 0.    -0.     0.    -0.    -0.565 -0.    -0.192  0.     0.    -0.   ]
[0.5 0.2 0. ], [-0.109 -0.258 -0.074], [ 0.15   0.089 -0.207  0.34 ], [-0.     0.    -0.    -0.    -0.823  0.    -0.161 -0.    -0.    -0.   ]
[0.6 0.2 0. ], [-0.121 -0.246 -0.072], [ 0.154  0.077 -0.204  0.332], [ 0.    -0.     0.    -0.    -0.804 -0.    -0.161  0.    -0.     0.   ]
[0.7 0.2 0. ], [-0.044 -0.259 -0.065], [ 0.148  0.078 -0.188  0.294], [-0.     0.    -0.     0.    -0.719  0.    -0.15   0.     0.    -0.   ]
[0.  0.3 0. ], [ 0.003  0.012 -0.004], [ 0.002 -0.007  0.001 -0.001], [-0.006  0.015  0.014  0.002  0.015 -0.001  0.008  0.02  -0.     0.   ]
[0.1 0.3 0. ], [ 0.004  0.014 -0.004], [ 0.002 -0.006  0.002 -0.002], [-0.006  0.018  0.014 -0.001  0.013 -0.002  0.008  0.019 -0.     0.   ]
[0.2 0.3 0. ], [ 0.006  0.016 -0.005], [ 0.002 -0.005  0.003 -0.003], [-0.005  0.022  0.014 -0.003  0.01  -0.002  0.008  0.018 -0.     0.   ]
[0.3 0.3 0. ], [-0.028  0.057 -0.023], [0.106 0.087 0.002 0.011], [ 0.     0.162  0.    -0.    -0.179 -0.    -0.236 -0.    -0.     0.   ]
[0.4 0.3 0. ], [-0.077 -0.166 -0.066], [ 0.137  0.098 -0.168  0.253], [-0.     0.086 -0.     0.    -0.713  0.    -0.174  0.     0.    -0.   ]
[0.5 0.3 0. ], [-0.075 -0.314 -0.086], [ 0.146  0.109 -0.229  0.406], [ 0.    -0.     0.    -0.    -0.968 -0.    -0.143 -0.    -0.     0.   ]
[0.6 0.3 0. ], [-0.085 -0.307 -0.083], [ 0.147  0.103 -0.227  0.4  ], [-0.     0.    -0.     0.    -0.953  0.    -0.145 -0.     0.    -0.   ]
[0.7 0.3 0. ], [-0.06  -0.252 -0.066], [ 0.14   0.091 -0.192  0.303], [ 0.    -0.     0.    -0.    -0.74  -0.    -0.159 -0.    -0.     0.   ]
[0.  0.4 0. ], [-0.005  0.01  -0.003], [ 0.003 -0.007 -0.006  0.006], [-0.031  0.019  0.013  0.002  0.016 -0.001  0.008  0.021 -0.     0.   ]
[0.1 0.4 0. ], [-0.057  0.028 -0.015], [ 0.064  0.151  0.045 -0.024], [-0.053  0.153  0.    -0.    -0.    -0.    -0.33  -0.    -0.     0.   ]
[0.2 0.4 0. ], [ 0.04   0.202 -0.011], [ 0.096  0.107  0.131 -0.097], [-0.092  0.42  -0.    -0.     0.    -0.    -0.289  0.     0.     0.   ]
[0.3 0.4 0. ], [ 0.231  0.39  -0.03 ], [ 0.126  0.039  0.179 -0.132], [-0.065  0.78   0.    -0.    -0.274  0.    -0.2    0.     0.    -0.   ]
[0.4 0.4 0. ], [-0.079 -0.034 -0.106], [ 0.178  0.085 -0.185  0.301], [ 0.     0.438  0.    -0.    -1.179 -0.    -0.115  0.    -0.     0.   ]
[0.5 0.4 0. ], [-0.03  -0.401 -0.108], [ 0.151  0.128 -0.258  0.534], [ 0.    -0.     0.    -0.    -1.241 -0.    -0.108  0.    -0.     0.   ]
[0.6 0.4 0. ], [-0.036 -0.368 -0.097], [ 0.143  0.124 -0.249  0.482], [-0.     0.    -0.     0.    -1.129  0.    -0.124  0.     0.    -0.   ]
[0.7 0.4 0. ], [-0.057 -0.274 -0.071], [ 0.131  0.108 -0.207  0.34 ], [-0.     0.     0.     0.    -0.822  0.    -0.158  0.     0.    -0.   ]
[0.  0.5 0. ], [-0.099 -0.001 -0.017], [ 0.031  0.174 -0.04   0.067], [-0.642  0.488 -0.     0.     0.    -0.    -0.356 -0.    -0.     0.   ]
[0.1 0.5 0. ], [-0.056  0.116 -0.016], [ 0.067  0.156  0.024 -0.003], [-0.697  0.736 -0.    -0.     0.    -0.    -0.342 -0.    -0.     0.   ]
[0.2 0.5 0. ], [ 0.045  0.455 -0.18 ], [ 0.239 -0.071 -0.14   0.237], [-0.     1.388 -0.    -0.    -1.989  0.     0.     0.    -0.     0.   ]
[0.3 0.5 0. ], [-0.156  0.147 -0.166], [ 0.236  0.034 -0.21   0.388], [ 0.     0.92   0.     0.    -1.861 -0.    -0.018 -0.    -0.     0.   ]
[0.4 0.5 0. ], [-0.138 -0.17  -0.151], [ 0.204  0.1   -0.25   0.528], [-0.     0.496 -0.     0.    -1.733  0.    -0.04  -0.     0.    -0.   ]
[0.5 0.5 0. ], [ 0.007 -0.444 -0.133], [ 0.16   0.143 -0.269  0.656], [ 0.     0.065  0.    -0.    -1.562 -0.    -0.067 -0.    -0.     0.   ]
[0.6 0.5 0. ], [ 0.02  -0.426 -0.111], [ 0.139  0.142 -0.264  0.576], [ 0.    -0.     0.    -0.    -1.328 -0.    -0.099 -0.    -0.     0.   ]
[0.7 0.5 0. ], [-0.021 -0.32  -0.08 ], [ 0.122  0.127 -0.229  0.403], [ 0.    -0.     0.    -0.    -0.96  -0.    -0.145 -0.    -0.     0.   ]
[0.  0.6 0. ], [-0.045  0.405 -0.586], [-0.22  -0.767  0.212  1.05 ], [ 0.    -0.    -1.145 -0.    -0.     0.    -3.707 -1.457 -0.     0.   ]
[0.1 0.6 0. ], [-0.436 -0.332 -0.275], [ 0.346  0.084 -0.184  0.989], [-0.     0.884 -0.    -0.    -3.073  0.     0.    -0.    -0.    -0.   ]
[0.2 0.6 0. ], [-0.349 -0.209 -0.216], [ 0.278  0.088 -0.245  0.802], [ 0.     0.874  0.    -0.    -2.666 -0.    -0.     0.    -0.     0.   ]
[0.3 0.6 0. ], [-0.228 -0.279 -0.196], [ 0.241  0.117 -0.255  0.765], [-0.     0.66  -0.     0.    -2.382  0.     0.    -0.    -0.    -0.   ]
[0.4 0.6 0. ], [-0.083 -0.391 -0.173], [ 0.198  0.139 -0.261  0.772], [-0.     0.376 -0.    -0.    -2.115  0.     0.    -0.     0.    -0.   ]
[0.5 0.6 0. ], [ 0.095 -0.522 -0.15 ], [ 0.153  0.164 -0.263  0.801], [-0.     0.037 -0.    -0.    -1.834  0.    -0.034  0.     0.    -0.   ]
[0.6 0.6 0. ], [ 0.083 -0.469 -0.123], [ 0.132  0.158 -0.271  0.666], [ 0.    -0.     0.    -0.    -1.513 -0.    -0.077 -0.    -0.     0.   ]
[0.7 0.6 0. ], [ 0.028 -0.356 -0.088], [ 0.112  0.142 -0.245  0.462], [ 0.    -0.     0.     0.    -1.085 -0.    -0.131 -0.    -0.     0.   ]
[0.  0.7 0. ], [ 0.785  0.114 -0.897], [-0.597 -0.535  0.435  0.175], [-0.    -0.118 -1.768 -0.    -2.136  0.    -3.083 -0.43  -0.     0.   ]
[0.1 0.7 0. ], [ 0.225  0.565 -0.837], [-0.124 -0.825  0.156  0.697], [-0.     0.    -1.333 -0.    -0.     0.    -3.52  -1.066 -0.     0.   ]
[0.2 0.7 0. ], [ 0.165 -0.747 -0.316], [-0.352 -0.186  1.194 -0.07 ], [-0.     0.029  0.    -0.001 -3.234  0.    -0.     0.379 -0.     0.   ]
[0.3 0.7 0. ], [ 0.067 -0.617 -0.205], [ 0.205  0.19  -0.152  1.137], [-0.     0.248 -0.     0.    -2.763  0.     0.     0.     0.    -0.   ]
[0.4 0.7 0. ], [ 0.132 -0.58  -0.182], [ 0.17   0.187 -0.209  1.019], [-0.     0.139 -0.    -0.    -2.392  0.     0.    -0.     0.    -0.   ]
[0.5 0.7 0. ], [ 0.197 -0.564 -0.158], [ 0.138  0.18  -0.244  0.918], [-0.     0.    -0.    -0.    -2.039  0.    -0.013 -0.     0.    -0.   ]
[0.6 0.7 0. ], [ 0.147 -0.49  -0.13 ], [ 0.121  0.171 -0.271  0.736], [-0.     0.    -0.     0.    -1.656  0.    -0.062  0.     0.    -0.   ]
[0.7 0.7 0. ], [ 0.075 -0.373 -0.092], [ 0.1    0.153 -0.254  0.5  ], [ 0.    -0.     0.     0.    -1.165  0.    -0.122  0.     0.     0.   ]
[0.  0.8 0. ], [ 0.688  0.436 -0.902], [-0.474 -0.653  0.333  0.249], [ 0.     0.    -1.745  0.    -1.949  0.    -3.106 -0.077 -0.     0.   ]
[0.1 0.8 0. ], [ 0.663  0.584 -0.896], [-0.338 -0.725  0.246  0.324], [ 0.     0.    -1.62  -0.    -1.235 -0.    -3.232 -0.352  0.    -0.   ]
[0.2 0.8 0. ], [ 0.233  0.669 -0.898], [-0.005 -0.823  0.148  0.606], [ 0.    -0.    -1.409 -0.     0.    -0.    -3.444 -0.708 -0.     0.   ]
[0.3 0.8 0. ], [ 0.095 -0.674 -0.244], [-0.252 -0.202  1.458  0.131], [ 0.135 -0.    -0.     0.    -3.022 -0.    -0.     0.     0.    -0.   ]
[0.4 0.8 0. ], [ 0.285 -0.632 -0.181], [ 0.15   0.202 -0.142  1.172], [-0.     0.    -0.     0.    -2.592  0.     0.    -0.     0.    -0.   ]
[0.5 0.8 0. ], [ 0.258 -0.567 -0.157], [ 0.125  0.186 -0.227  0.987], [-0.     0.     0.     0.    -2.18   0.    -0.005  0.     0.    -0.   ]
[0.6 0.8 0. ], [ 0.202 -0.493 -0.13 ], [ 0.106  0.178 -0.269  0.779], [ 0.    -0.     0.    -0.    -1.743 -0.    -0.056 -0.    -0.     0.   ]
[0.7 0.8 0. ], [ 0.113 -0.368 -0.09 ], [ 0.083  0.16  -0.256  0.508], [ 0.    -0.     0.     0.    -1.18  -0.    -0.122 -0.    -0.     0.   ]
[0.  0.9 0. ], [ 0.445  0.745 -0.902], [-0.219 -0.777  0.22   0.373], [ 0.    -0.    -1.656  0.    -1.427 -0.    -3.196 -0.     0.    -0.   ]
[0.1 0.9 0. ], [ 0.372  0.794 -0.9  ], [-0.152 -0.79   0.172  0.451], [ 0.    -0.    -1.593  0.    -1.004 -0.    -3.26  -0.088  0.     0.   ]
[0.2 0.9 0. ], [ 0.306  0.79  -0.897], [-0.061 -0.799  0.141  0.511], [-0.    -0.099 -1.55  -0.    -0.68   0.    -3.302 -0.264 -0.     0.   ]
[0.3 0.9 0. ], [ 0.139  0.665 -0.904], [ 0.14  -0.797  0.122  0.657], [ 0.    -0.351 -1.461 -0.    -0.09  -0.    -3.392 -0.588  0.     0.   ]
[0.4 0.9 0. ], [-0.109 -0.391 -0.173], [ 0.198  0.14  -0.223  0.984], [ 0.483  0.     0.    -0.    -2.649  0.     0.    -0.    -0.    -0.   ]
[0.5 0.9 0. ], [ 0.188 -0.501 -0.147], [ 0.126  0.174 -0.238  0.956], [ 0.136 -0.     0.    -0.    -2.244 -0.    -0.011 -0.    -0.     0.   ]
[0.6 0.9 0. ], [ 0.228 -0.468 -0.123], [ 0.092  0.179 -0.27   0.781], [ 0.021  0.    -0.    -0.    -1.764  0.    -0.06   0.     0.    -0.   ]
[0.7 0.9 0. ], [ 0.068 -0.226 -0.081], [ 0.074  0.155 -0.231  0.405], [ 0.137 -0.     0.     0.    -1.099 -0.    -0.132 -0.    -0.     0.   ]
[0. 1. 0.], [-0.007  0.863 -0.901], [ 0.138 -0.793  0.134  0.554], [ 0.    -0.    -1.553 -0.    -0.707 -0.    -3.301  0.     0.    -0.   ]
[0.1 1.  0. ], [ 0.091  0.852 -0.902], [ 0.047 -0.806  0.137  0.553], [ 0.    -0.    -1.554  0.    -0.714 -0.    -3.299  0.    -0.    -0.   ]
[0.2 1.  0. ], [ 0.059  0.786 -0.9  ], [ 0.121 -0.795  0.116  0.644], [-0.    -0.338 -1.541  0.    -0.617  0.    -3.311 -0.114  0.    -0.   ]
[0.3 1.  0. ], [ 0.125  0.707 -0.94 ], [ 0.331 -0.715  0.1    0.605], [ 0.    -0.733 -1.524 -0.    -0.126 -0.    -3.328 -0.342  0.     0.   ]
[0.4 1.  0. ], [ 0.081  0.57  -0.911], [ 0.346 -0.717  0.105  0.763], [ 0.274 -1.401 -1.51   0.    -0.242  0.    -3.344 -0.638  0.    -0.   ]
[0.5 1.  0. ], [-0.157 -0.101 -0.122], [ 0.148  0.124 -0.273  0.658], [ 0.675 -0.     0.     0.    -2.16  -0.    -0.04   0.    -0.     0.   ]
[0.6 1.  0. ], [ 0.029 -0.208 -0.108], [ 0.101  0.157 -0.267  0.579], [ 0.363  0.    -0.     0.    -1.689  0.    -0.077  0.     0.    -0.   ]
[0.7 1.  0. ], [-0.021  0.052 -0.064], [ 0.068  0.143 -0.147  0.211], [ 0.381 -0.     0.     0.    -0.909 -0.    -0.15  -0.    -0.     0.   ]
[0.  1.1 0. ], [ 0.313  0.851 -0.89 ], [-0.004 -0.793  0.119  0.551], [-0.635 -0.    -1.592 -0.    -1.054 -0.    -3.26  -0.285  0.     0.   ]
[0.1 1.1 0. ], [-0.103  0.793 -0.932], [ 0.341 -0.722  0.112  0.609], [ 0.    -0.276 -1.525 -0.    -0.286  0.    -3.328  0.     0.    -0.   ]
[0.2 1.1 0. ], [-0.057  0.722 -0.935], [ 0.366 -0.708  0.103  0.688], [ 0.    -0.639 -1.523 -0.    -0.245  0.    -3.329 -0.066  0.    -0.   ]
[0.3 1.1 0. ], [ 0.067  0.73  -0.945], [ 0.422 -0.663  0.092  0.645], [ 0.247 -1.142 -1.52   0.    -0.04   0.    -3.333 -0.308  0.    -0.   ]
[0.4 1.1 0. ], [ 0.054  0.656 -0.891], [ 0.318 -0.728  0.107  0.801], [ 0.646 -1.877 -1.539 -0.    -0.559  0.    -3.323 -0.531 -0.     0.   ]
[0.5 1.1 0. ], [ 0.154  0.655 -0.891], [ 0.319 -0.728  0.108  0.802], [ 0.698 -2.132 -1.555 -0.    -0.701 -0.    -3.329 -0.594 -0.     0.   ]
[0.6 1.1 0. ], [-0.123  0.164 -0.07 ], [ 0.089  0.125 -0.196  0.305], [ 0.709  0.    -0.    -0.    -1.448  0.    -0.117  0.     0.    -0.   ]
[0.7 1.1 0. ], [-0.054  0.292 -0.049], [ 0.059  0.132 -0.05   0.07 ], [ 0.577  0.    -0.    -0.    -0.756  0.    -0.157  0.     0.    -0.   ]
[0.  1.2 0. ], [ 0.148  0.893 -0.882], [ 0.159 -0.767  0.087  0.676], [-1.038 -0.    -1.599  0.    -1.2   -0.    -3.253 -0.111  0.     0.   ]
[0.1 1.2 0. ], [-0.209  0.779 -0.917], [ 0.393 -0.691  0.1    0.715], [ 0.296 -0.689 -1.512  0.    -0.214  0.    -3.34   0.     0.    -0.   ]
[0.2 1.2 0. ], [-0.063  0.807 -0.938], [ 0.398 -0.685  0.097  0.686], [ 0.475 -1.127 -1.514  0.    -0.105  0.    -3.339 -0.103  0.     0.   ]
[0.3 1.2 0. ], [-0.004  0.777 -0.921], [ 0.362 -0.71   0.104  0.744], [ 0.778 -1.763 -1.53   0.    -0.368  0.    -3.329 -0.323  0.    -0.   ]
[0.4 1.2 0. ], [ 0.055  0.75  -0.895], [ 0.322 -0.731  0.112  0.803], [ 0.861 -2.104 -1.552 -0.    -0.682  0.    -3.325 -0.421 -0.    -0.   ]
[0.5 1.2 0. ], [ 0.154  0.754 -0.892], [ 0.32  -0.728  0.108  0.803], [ 0.808 -2.154 -1.558 -0.    -0.716  0.    -3.342 -0.491 -0.    -0.   ]
[0.6 1.2 0. ], [ 0.253  0.754 -0.891], [ 0.32  -0.728  0.107  0.803], [ 0.748 -2.158 -1.559  0.    -0.719 -0.    -3.364 -0.552  0.    -0.   ]
[0.7 1.2 0. ], [-0.035  0.432 -0.014], [ 0.029  0.093 -0.007  0.014], [ 0.693 -0.    -0.     0.    -0.722 -0.    -0.144  0.    -0.     0.   ]
[0.  1.3 0. ], [ 0.026  0.881 -0.874], [ 0.333 -0.7    0.079  0.773], [-1.485  0.235 -1.591 -0.    -1.201  0.    -3.261 -0.    -0.    -0.   ]
[0.1 1.3 0. ], [ 0.128  0.872 -0.881], [ 0.308 -0.719  0.091  0.8  ], [-1.834  0.598 -1.587 -0.    -1.075  0.    -3.267 -0.028 -0.    -0.   ]
[0.2 1.3 0. ], [-0.122  0.87  -0.909], [ 0.344 -0.717  0.103  0.766], [ 1.021 -1.836 -1.535  0.    -0.443  0.    -3.327 -0.137  0.    -0.   ]
[0.3 1.3 0. ], [-0.044  0.848 -0.896], [ 0.324 -0.732  0.115  0.803], [ 1.04  -2.098 -1.551  0.    -0.677  0.    -3.326 -0.24   0.    -0.   ]
[0.4 1.3 0. ], [ 0.057  0.847 -0.897], [ 0.325 -0.732  0.116  0.803], [ 0.972 -2.151 -1.556  0.    -0.714  0.    -3.34  -0.326  0.    -0.   ]
[0.5 1.3 0. ], [ 0.156  0.848 -0.895], [ 0.324 -0.731  0.114  0.803], [ 0.898 -2.158 -1.558 -0.    -0.719 -0.    -3.359 -0.402  0.     0.   ]
[0.6 1.3 0. ], [ 0.254  0.852 -0.893], [ 0.322 -0.728  0.11   0.803], [ 0.833 -2.158 -1.559  0.    -0.719  0.    -3.379 -0.467 -0.    -0.   ]
[0.7 1.3 0. ], [ 0.353  0.853 -0.891], [ 0.321 -0.727  0.108  0.804], [ 0.777 -2.158 -1.56   0.    -0.719 -0.    -3.401 -0.523  0.    -0.   ]
[0.  1.4 0. ], [ 0.024  0.989 -0.869], [ 0.367 -0.676  0.068  0.732], [-1.935  1.104 -1.569 -0.    -0.897 -0.    -3.294  0.     0.     0.   ]
[0.1 1.4 0. ], [ 0.126  0.981 -0.875], [ 0.326 -0.704  0.08   0.778], [-2.129  1.256 -1.565 -0.    -0.802 -0.    -3.307 -0.    -0.    -0.   ]
[0.2 1.4 0. ], [ 0.229  0.969 -0.883], [ 0.311 -0.722  0.095  0.801], [-2.275  1.331 -1.562  0.    -0.752 -0.    -3.323 -0.054  0.    -0.   ]
[0.3 1.4 0. ], [-0.044  0.949 -0.895], [ 0.324 -0.731  0.114  0.803], [ 1.137 -2.152 -1.557 -0.    -0.715  0.    -3.343 -0.161 -0.    -0.   ]
[0.4 1.4 0. ], [ 0.057  0.945 -0.898], [ 0.327 -0.733  0.118  0.804], [ 1.051 -2.157 -1.558  0.    -0.718  0.    -3.359 -0.249 -0.    -0.   ]
[0.5 1.4 0. ], [ 0.157  0.944 -0.898], [ 0.327 -0.733  0.118  0.804], [ 0.975 -2.158 -1.558 -0.    -0.719  0.    -3.377 -0.325 -0.    -0.   ]
[0.6 1.4 0. ], [ 0.256  0.946 -0.896], [ 0.326 -0.731  0.115  0.804], [ 0.908 -2.158 -1.559  0.    -0.719  0.    -3.397 -0.392  0.     0.   ]
[0.7 1.4 0. ], [ 0.354  0.95  -0.894], [ 0.324 -0.729  0.111  0.804], [ 0.851 -2.158 -1.561  0.    -0.719  0.    -3.416 -0.45  -0.     0.   ]
[0.7 1.4 0. ], [ 0.354  0.95  -0.894], [ 0.324 -0.729  0.111  0.804], [ 0.851 -2.158 -1.561  0.    -0.719  0.    -3.416 -0.45  -0.     0.   ]
