Position, Position error, Orientation error, Joint error
[0 0 0], [ 0.  0. -0.], [-0.  0. -0.  0.], [0. 0. 0. 0. 0. 0. 0. 0. 0. 0. 0. 0.]
[0.1 0.  0. ], [ 0.  0. -0.], [-0.  0. -0.  0.], [0. 0. 0. 0. 0. 0. 0. 0. 0. 0. 0. 0.]
[0.2 0.  0. ], [ 0.  0. -0.], [-0. -0. -0.  0.], [0. 0. 0. 0. 0. 0. 0. 0. 0. 0. 0. 0.]
[0.3 0.  0. ], [ 0.  0. -0.], [-0. -0. -0.  0.], [0. 0. 0. 0. 0. 0. 0. 0. 0. 0. 0. 0.]
[0.4 0.  0. ], [-0.  0. -0.], [-0. -0. -0.  0.], [0. 0. 0. 0. 0. 0. 0. 0. 0. 0. 0. 0.]
[0.5 0.  0. ], [ 0. -0.  0.], [ 0.  0. -0.  0.], [0. 0. 0. 0. 0. 0. 0. 0. 0. 0. 0. 0.]
[0.6 0.  0. ], [ 0. -0.  0.], [ 0.  0.  0. -0.], [0. 0. 0. 0. 0. 0. 0. 0. 0. 0. 0. 0.]
[0.7 0.  0. ], [ 0. -0.  0.], [ 0.  0.  0. -0.], [0. 0. 0. 0. 0. 0. 0. 0. 0. 0. 0. 0.]
[0.  0.1 0. ], [ 0.  0. -0.], [-0.  0. -0.  0.], [0. 0. 0. 0. 0. 0. 0. 0. 0. 0. 0. 0.]
[0.1 0.1 0. ], [ 0.  0. -0.], [-0.  0. -0.  0.], [0. 0. 0. 0. 0. 0. 0. 0. 0. 0. 0. 0.]
[0.2 0.1 0. ], [ 0.  0. -0.], [-0. -0. -0.  0.], [0. 0. 0. 0. 0. 0. 0. 0. 0. 0. 0. 0.]
[0.3 0.1 0. ], [ 0.  0. -0.], [-0. -0. -0.  0.], [0. 0. 0. 0. 0. 0. 0. 0. 0. 0. 0. 0.]
[0.4 0.1 0. ], [-0.  0. -0.], [-0. -0. -0.  0.], [0. 0. 0. 0. 0. 0. 0. 0. 0. 0. 0. 0.]
[0.5 0.1 0. ], [ 0. -0.  0.], [ 0.  0. -0.  0.], [0. 0. 0. 0. 0. 0. 0. 0. 0. 0. 0. 0.]
[0.6 0.1 0. ], [ 0. -0.  0.], [ 0.  0.  0. -0.], [0. 0. 0. 0. 0. 0. 0. 0. 0. 0. 0. 0.]
[0.7 0.1 0. ], [ 0. -0.  0.], [ 0.  0.  0. -0.], [0. 0. 0. 0. 0. 0. 0. 0. 0. 0. 0. 0.]
[0.  0.2 0. ], [ 0.  0. -0.], [-0.  0. -0.  0.], [0. 0. 0. 0. 0. 0. 0. 0. 0. 0. 0. 0.]
[0.1 0.2 0. ], [ 0.  0. -0.], [-0.  0. -0.  0.], [0. 0. 0. 0. 0. 0. 0. 0. 0. 0. 0. 0.]
[0.2 0.2 0. ], [ 0.  0. -0.], [-0. -0. -0.  0.], [0. 0. 0. 0. 0. 0. 0. 0. 0. 0. 0. 0.]
[0.3 0.2 0. ], [ 0.  0. -0.], [-0. -0. -0.  0.], [0. 0. 0. 0. 0. 0. 0. 0. 0. 0. 0. 0.]
[0.4 0.2 0. ], [-0.  0. -0.], [-0. -0. -0.  0.], [0. 0. 0. 0. 0. 0. 0. 0. 0. 0. 0. 0.]
[0.5 0.2 0. ], [ 0. -0.  0.], [ 0.  0. -0.  0.], [0. 0. 0. 0. 0. 0. 0. 0. 0. 0. 0. 0.]
[0.6 0.2 0. ], [ 0. -0.  0.], [ 0.  0.  0. -0.], [0. 0. 0. 0. 0. 0. 0. 0. 0. 0. 0. 0.]
[0.7 0.2 0. ], [ 0. -0.  0.], [ 0.  0.  0. -0.], [0. 0. 0. 0. 0. 0. 0. 0. 0. 0. 0. 0.]
[0.  0.3 0. ], [ 0.  0. -0.], [-0.  0. -0.  0.], [0. 0. 0. 0. 0. 0. 0. 0. 0. 0. 0. 0.]
[0.1 0.3 0. ], [ 0.  0. -0.], [-0.  0. -0.  0.], [0. 0. 0. 0. 0. 0. 0. 0. 0. 0. 0. 0.]
[0.2 0.3 0. ], [ 0.  0. -0.], [-0. -0. -0.  0.], [0. 0. 0. 0. 0. 0. 0. 0. 0. 0. 0. 0.]
[0.3 0.3 0. ], [ 0.  0. -0.], [-0. -0. -0.  0.], [0. 0. 0. 0. 0. 0. 0. 0. 0. 0. 0. 0.]
[0.4 0.3 0. ], [-0.  0. -0.], [-0. -0. -0.  0.], [0. 0. 0. 0. 0. 0. 0. 0. 0. 0. 0. 0.]
[0.5 0.3 0. ], [ 0. -0.  0.], [ 0.  0. -0.  0.], [0. 0. 0. 0. 0. 0. 0. 0. 0. 0. 0. 0.]
[0.6 0.3 0. ], [ 0. -0.  0.], [ 0.  0.  0. -0.], [0. 0. 0. 0. 0. 0. 0. 0. 0. 0. 0. 0.]
[0.7 0.3 0. ], [ 0. -0.  0.], [ 0.  0.  0. -0.], [0. 0. 0. 0. 0. 0. 0. 0. 0. 0. 0. 0.]
[0.  0.4 0. ], [ 0.  0. -0.], [-0.  0. -0.  0.], [0. 0. 0. 0. 0. 0. 0. 0. 0. 0. 0. 0.]
[0.1 0.4 0. ], [ 0.  0. -0.], [-0.  0. -0.  0.], [0. 0. 0. 0. 0. 0. 0. 0. 0. 0. 0. 0.]
[0.2 0.4 0. ], [ 0.  0. -0.], [-0. -0. -0.  0.], [0. 0. 0. 0. 0. 0. 0. 0. 0. 0. 0. 0.]
[0.3 0.4 0. ], [ 0.  0. -0.], [-0. -0. -0.  0.], [0. 0. 0. 0. 0. 0. 0. 0. 0. 0. 0. 0.]
[0.4 0.4 0. ], [-0.  0. -0.], [-0. -0. -0.  0.], [0. 0. 0. 0. 0. 0. 0. 0. 0. 0. 0. 0.]
[0.5 0.4 0. ], [ 0. -0.  0.], [ 0.  0. -0.  0.], [0. 0. 0. 0. 0. 0. 0. 0. 0. 0. 0. 0.]
[0.6 0.4 0. ], [ 0. -0.  0.], [ 0.  0.  0. -0.], [0. 0. 0. 0. 0. 0. 0. 0. 0. 0. 0. 0.]
[0.7 0.4 0. ], [ 0. -0.  0.], [ 0.  0.  0. -0.], [0. 0. 0. 0. 0. 0. 0. 0. 0. 0. 0. 0.]
[0.  0.5 0. ], [ 0.  0. -0.], [-0.  0. -0.  0.], [0. 0. 0. 0. 0. 0. 0. 0. 0. 0. 0. 0.]
[0.1 0.5 0. ], [ 0.  0. -0.], [-0.  0. -0.  0.], [0. 0. 0. 0. 0. 0. 0. 0. 0. 0. 0. 0.]
[0.2 0.5 0. ], [ 0.  0. -0.], [-0. -0. -0.  0.], [0. 0. 0. 0. 0. 0. 0. 0. 0. 0. 0. 0.]
[0.3 0.5 0. ], [ 0.  0. -0.], [-0. -0. -0.  0.], [0. 0. 0. 0. 0. 0. 0. 0. 0. 0. 0. 0.]
[0.4 0.5 0. ], [-0.  0. -0.], [-0. -0. -0.  0.], [0. 0. 0. 0. 0. 0. 0. 0. 0. 0. 0. 0.]
[0.5 0.5 0. ], [ 0. -0.  0.], [ 0.  0. -0.  0.], [0. 0. 0. 0. 0. 0. 0. 0. 0. 0. 0. 0.]
[0.6 0.5 0. ], [ 0. -0.  0.], [ 0.  0.  0. -0.], [0. 0. 0. 0. 0. 0. 0. 0. 0. 0. 0. 0.]
[0.7 0.5 0. ], [ 0. -0.  0.], [ 0.  0.  0. -0.], [0. 0. 0. 0. 0. 0. 0. 0. 0. 0. 0. 0.]
[0.  0.6 0. ], [ 0.  0. -0.], [-0.  0. -0.  0.], [0. 0. 0. 0. 0. 0. 0. 0. 0. 0. 0. 0.]
[0.1 0.6 0. ], [ 0.  0. -0.], [-0.  0. -0.  0.], [0. 0. 0. 0. 0. 0. 0. 0. 0. 0. 0. 0.]
[0.2 0.6 0. ], [ 0.  0. -0.], [-0.  0. -0.  0.], [0. 0. 0. 0. 0. 0. 0. 0. 0. 0. 0. 0.]
[0.3 0.6 0. ], [ 0.  0. -0.], [-0. -0. -0.  0.], [0. 0. 0. 0. 0. 0. 0. 0. 0. 0. 0. 0.]
[0.4 0.6 0. ], [-0.  0. -0.], [-0. -0. -0.  0.], [0. 0. 0. 0. 0. 0. 0. 0. 0. 0. 0. 0.]
[0.5 0.6 0. ], [ 0. -0.  0.], [ 0.  0. -0.  0.], [0. 0. 0. 0. 0. 0. 0. 0. 0. 0. 0. 0.]
[0.6 0.6 0. ], [ 0. -0.  0.], [ 0.  0.  0. -0.], [0. 0. 0. 0. 0. 0. 0. 0. 0. 0. 0. 0.]
[0.7 0.6 0. ], [ 0. -0.  0.], [ 0.  0.  0. -0.], [0. 0. 0. 0. 0. 0. 0. 0. 0. 0. 0. 0.]
[0.  0.7 0. ], [ 0.     0.    -0.001], [-0.  0. -0.  0.], [0. 0. 0. 0. 0. 0. 0. 0. 0. 0. 0. 0.]
[0.1 0.7 0. ], [ 0.  0. -0.], [-0.  0. -0.  0.], [0. 0. 0. 0. 0. 0. 0. 0. 0. 0. 0. 0.]
[0.2 0.7 0. ], [ 0.  0. -0.], [-0.  0. -0.  0.], [0. 0. 0. 0. 0. 0. 0. 0. 0. 0. 0. 0.]
[0.3 0.7 0. ], [ 0.  0. -0.], [-0. -0. -0.  0.], [0. 0. 0. 0. 0. 0. 0. 0. 0. 0. 0. 0.]
[0.4 0.7 0. ], [-0.  0. -0.], [-0. -0. -0.  0.], [0. 0. 0. 0. 0. 0. 0. 0. 0. 0. 0. 0.]
[0.5 0.7 0. ], [ 0. -0.  0.], [ 0.  0. -0.  0.], [0. 0. 0. 0. 0. 0. 0. 0. 0. 0. 0. 0.]
[0.6 0.7 0. ], [ 0. -0.  0.], [ 0.  0.  0. -0.], [0. 0. 0. 0. 0. 0. 0. 0. 0. 0. 0. 0.]
[0.7 0.7 0. ], [ 0. -0.  0.], [ 0.  0.  0. -0.], [0. 0. 0. 0. 0. 0. 0. 0. 0. 0. 0. 0.]
[0.  0.8 0. ], [ 0.001 -0.    -0.007], [-0.  0. -0.  0.], [0. 0. 0. 0. 0. 0. 0. 0. 0. 0. 0. 0.]
[0.1 0.8 0. ], [ 0.     0.    -0.006], [-0.  0. -0.  0.], [0. 0. 0. 0. 0. 0. 0. 0. 0. 0. 0. 0.]
[0.2 0.8 0. ], [ 0.  0. -0.], [-0.  0. -0.  0.], [0. 0. 0. 0. 0. 0. 0. 0. 0. 0. 0. 0.]
[0.3 0.8 0. ], [ 0.  0. -0.], [-0. -0. -0.  0.], [0. 0. 0. 0. 0. 0. 0. 0. 0. 0. 0. 0.]
[0.4 0.8 0. ], [-0.  0. -0.], [-0. -0. -0.  0.], [0. 0. 0. 0. 0. 0. 0. 0. 0. 0. 0. 0.]
[0.5 0.8 0. ], [ 0. -0.  0.], [ 0.  0. -0.  0.], [0. 0. 0. 0. 0. 0. 0. 0. 0. 0. 0. 0.]
[0.6 0.8 0. ], [ 0. -0.  0.], [ 0.  0.  0. -0.], [0. 0. 0. 0. 0. 0. 0. 0. 0. 0. 0. 0.]
[0.7 0.8 0. ], [ 0. -0.  0.], [ 0.  0.  0. -0.], [0. 0. 0. 0. 0. 0. 0. 0. 0. 0. 0. 0.]
[0.  0.9 0. ], [ 0.001 -0.    -0.007], [-0.  0. -0.  0.], [0. 0. 0. 0. 0. 0. 0. 0. 0. 0. 0. 0.]
[0.1 0.9 0. ], [ 0.001 -0.    -0.008], [-0.  0. -0.  0.], [0. 0. 0. 0. 0. 0. 0. 0. 0. 0. 0. 0.]
[0.2 0.9 0. ], [ 0.     0.    -0.005], [-0.  0. -0.  0.], [0. 0. 0. 0. 0. 0. 0. 0. 0. 0. 0. 0.]
[0.3 0.9 0. ], [ 0.  0. -0.], [-0. -0. -0.  0.], [0. 0. 0. 0. 0. 0. 0. 0. 0. 0. 0. 0.]
[0.4 0.9 0. ], [-0.  0. -0.], [-0. -0. -0.  0.], [0. 0. 0. 0. 0. 0. 0. 0. 0. 0. 0. 0.]
[0.5 0.9 0. ], [ 0. -0.  0.], [ 0.  0.  0. -0.], [0. 0. 0. 0. 0. 0. 0. 0. 0. 0. 0. 0.]
[0.6 0.9 0. ], [ 0. -0.  0.], [ 0.  0.  0. -0.], [0. 0. 0. 0. 0. 0. 0. 0. 0. 0. 0. 0.]
[0.7 0.9 0. ], [ 0. -0.  0.], [ 0.  0.  0. -0.], [0. 0. 0. 0. 0. 0. 0. 0. 0. 0. 0. 0.]
[0. 1. 0.], [ 0.001 -0.    -0.007], [ 0. -0. -0.  0.], [0. 0. 0. 0. 0. 0. 0. 0. 0. 0. 0. 0.]
[0.1 1.  0. ], [ 0.002 -0.    -0.008], [ 0.  0. -0.  0.], [0. 0. 0. 0. 0. 0. 0. 0. 0. 0. 0. 0.]
[0.2 1.  0. ], [ 0.003 -0.    -0.012], [-0.  0. -0.  0.], [0. 0. 0. 0. 0. 0. 0. 0. 0. 0. 0. 0.]
[0.3 1.  0. ], [ 0.  0. -0.], [-0.  0. -0.  0.], [0. 0. 0. 0. 0. 0. 0. 0. 0. 0. 0. 0.]
[0.4 1.  0. ], [-0.  0. -0.], [-0. -0. -0.  0.], [0. 0. 0. 0. 0. 0. 0. 0. 0. 0. 0. 0.]
[0.5 1.  0. ], [ 0. -0.  0.], [ 0.  0.  0. -0.], [0. 0. 0. 0. 0. 0. 0. 0. 0. 0. 0. 0.]
[0.6 1.  0. ], [ 0. -0.  0.], [ 0.  0.  0. -0.], [0. 0. 0. 0. 0. 0. 0. 0. 0. 0. 0. 0.]
[0.7 1.  0. ], [ 0. -0.  0.], [ 0.  0.  0. -0.], [0. 0. 0. 0. 0. 0. 0. 0. 0. 0. 0. 0.]
[0.  1.1 0. ], [ 0.001 -0.    -0.007], [ 0. -0. -0.  0.], [0. 0. 0. 0. 0. 0. 0. 0. 0. 0. 0. 0.]
[0.1 1.1 0. ], [ 0.003 -0.    -0.008], [ 0.001  0.     0.    -0.   ], [0. 0. 0. 0. 0. 0. 0. 0. 0. 0. 0. 0.]
[0.2 1.1 0. ], [ 0.012 -0.    -0.021], [ 0.001  0.001 -0.     0.   ], [0. 0. 0. 0. 0. 0. 0. 0. 0. 0. 0. 0.]
[0.3 1.1 0. ], [ 0.     0.    -0.002], [-0.  0. -0.  0.], [0. 0. 0. 0. 0. 0. 0. 0. 0. 0. 0. 0.]
[0.4 1.1 0. ], [-0.  0. -0.], [-0. -0. -0.  0.], [0. 0. 0. 0. 0. 0. 0. 0. 0. 0. 0. 0.]
[0.5 1.1 0. ], [ 0. -0.  0.], [ 0.  0.  0. -0.], [0. 0. 0. 0. 0. 0. 0. 0. 0. 0. 0. 0.]
[0.6 1.1 0. ], [ 0. -0.  0.], [ 0.  0.  0. -0.], [0. 0. 0. 0. 0. 0. 0. 0. 0. 0. 0. 0.]
[0.7 1.1 0. ], [ 0. -0.  0.], [ 0.  0.  0. -0.], [0. 0. 0. 0. 0. 0. 0. 0. 0. 0. 0. 0.]
[0.  1.2 0. ], [ 0. -0. -0.], [ 0.  0.  0. -0.], [0. 0. 0. 0. 0. 0. 0. 0. 0. 0. 0. 0.]
[0.1 1.2 0. ], [ 0. -0. -0.], [ 0.  0.  0. -0.], [0. 0. 0. 0. 0. 0. 0. 0. 0. 0. 0. 0.]
[0.2 1.2 0. ], [ 0. -0. -0.], [ 0.  0.  0. -0.], [0. 0. 0. 0. 0. 0. 0. 0. 0. 0. 0. 0.]
[0.3 1.2 0. ], [ 0.  0. -0.], [ 0.  0.  0. -0.], [0. 0. 0. 0. 0. 0. 0. 0. 0. 0. 0. 0.]
[0.4 1.2 0. ], [-0.  0. -0.], [-0. -0. -0.  0.], [0. 0. 0. 0. 0. 0. 0. 0. 0. 0. 0. 0.]
[0.5 1.2 0. ], [ 0. -0.  0.], [ 0.  0.  0. -0.], [0. 0. 0. 0. 0. 0. 0. 0. 0. 0. 0. 0.]
[0.6 1.2 0. ], [ 0. -0.  0.], [ 0.  0.  0. -0.], [0. 0. 0. 0. 0. 0. 0. 0. 0. 0. 0. 0.]
[0.7 1.2 0. ], [ 0. -0.  0.], [ 0.  0.  0. -0.], [0. 0. 0. 0. 0. 0. 0. 0. 0. 0. 0. 0.]
[0.  1.3 0. ], [ 0. -0. -0.], [ 0.  0.  0. -0.], [0. 0. 0. 0. 0. 0. 0. 0. 0. 0. 0. 0.]
[0.1 1.3 0. ], [ 0. -0. -0.], [ 0.  0.  0. -0.], [0. 0. 0. 0. 0. 0. 0. 0. 0. 0. 0. 0.]
[0.2 1.3 0. ], [ 0. -0. -0.], [ 0.  0.  0. -0.], [0. 0. 0. 0. 0. 0. 0. 0. 0. 0. 0. 0.]
[0.3 1.3 0. ], [ 0.  0. -0.], [ 0.  0.  0. -0.], [0. 0. 0. 0. 0. 0. 0. 0. 0. 0. 0. 0.]
[0.4 1.3 0. ], [ 0.  0. -0.], [ 0.  0. -0.  0.], [0. 0. 0. 0. 0. 0. 0. 0. 0. 0. 0. 0.]
[0.5 1.3 0. ], [ 0. -0.  0.], [ 0.  0. -0.  0.], [0. 0. 0. 0. 0. 0. 0. 0. 0. 0. 0. 0.]
[0.6 1.3 0. ], [ 0. -0.  0.], [ 0.  0.  0. -0.], [0. 0. 0. 0. 0. 0. 0. 0. 0. 0. 0. 0.]
[0.7 1.3 0. ], [ 0. -0.  0.], [ 0.  0.  0. -0.], [0. 0. 0. 0. 0. 0. 0. 0. 0. 0. 0. 0.]
[0.  1.4 0. ], [ 0. -0. -0.], [ 0.  0.  0. -0.], [0. 0. 0. 0. 0. 0. 0. 0. 0. 0. 0. 0.]
[0.1 1.4 0. ], [ 0. -0. -0.], [ 0.  0.  0. -0.], [0. 0. 0. 0. 0. 0. 0. 0. 0. 0. 0. 0.]
[0.2 1.4 0. ], [ 0.  0. -0.], [ 0.  0.  0. -0.], [0. 0. 0. 0. 0. 0. 0. 0. 0. 0. 0. 0.]
[0.3 1.4 0. ], [ 0.  0. -0.], [ 0.  0.  0. -0.], [0. 0. 0. 0. 0. 0. 0. 0. 0. 0. 0. 0.]
[0.4 1.4 0. ], [ 0.  0. -0.], [ 0.  0.  0. -0.], [0. 0. 0. 0. 0. 0. 0. 0. 0. 0. 0. 0.]
[0.5 1.4 0. ], [ 0.018 -0.     0.   ], [ 0.002  0.002 -0.     0.   ], [0. 0. 0. 0. 0. 0. 0. 0. 0. 0. 0. 0.]
[0.6 1.4 0. ], [ 0.1   -0.     0.001], [0.01 0.01 0.   0.  ], [0. 0. 0. 0. 0. 0. 0. 0. 0. 0. 0. 0.]
[0.7 1.4 0. ], [0.001 0.    0.   ], [ 0.  0.  0. -0.], [0. 0. 0. 0. 0. 0. 0. 0. 0. 0. 0. 0.]
[0.7 1.4 0. ], [0.001 0.    0.   ], [ 0.  0.  0. -0.], [0. 0. 0. 0. 0. 0. 0. 0. 0. 0. 0. 0.]
