Position, Position error, Orientation error, Joint error
[0 0 0], [-0.  0.  0.], [-0.  0. -0.  0.], [0. 0. 0. 0. 0. 0. 0. 0. 0.]
[0.1 0.  0. ], [-0.  0.  0.], [-0.  0. -0.  0.], [0. 0. 0. 0. 0. 0. 0. 0. 0.]
[0.2 0.  0. ], [-0.  0. -0.], [-0.  0. -0.  0.], [0. 0. 0. 0. 0. 0. 0. 0. 0.]
[0.3 0.  0. ], [-0.002  0.002 -0.   ], [-0. -0. -0.  0.], [0. 0. 0. 0. 0. 0. 0. 0. 0.]
[0.4 0.  0. ], [ 0.048 -0.039  0.   ], [0.008 0.001 0.    0.   ], [0. 0. 0. 0. 0. 0. 0. 0. 0.]
[0.5 0.  0. ], [ 0.112 -0.078  0.001], [0.019 0.003 0.    0.   ], [0. 0. 0. 0. 0. 0. 0. 0. 0.]
[0.6 0.  0. ], [ 0.183 -0.111  0.001], [0.029 0.007 0.    0.   ], [0. 0. 0. 0. 0. 0. 0. 0. 0.]
[0.7 0.  0. ], [ 0.259 -0.141  0.001], [0.039 0.012 0.001 0.001], [0. 0. 0. 0. 0. 0. 0. 0. 0.]
[0.  0.1 0. ], [-0.  0.  0.], [-0.  0. -0.  0.], [0. 0. 0. 0. 0. 0. 0. 0. 0.]
[0.1 0.1 0. ], [-0.  0.  0.], [-0.  0. -0.  0.], [0. 0. 0. 0. 0. 0. 0. 0. 0.]
[0.2 0.1 0. ], [-0.  0.  0.], [-0.  0. -0.  0.], [0. 0. 0. 0. 0. 0. 0. 0. 0.]
[0.3 0.1 0. ], [-0.  0. -0.], [-0. -0. -0.  0.], [0. 0. 0. 0. 0. 0. 0. 0. 0.]
[0.4 0.1 0. ], [ 0.007 -0.004  0.   ], [ 0.001  0.     0.    -0.   ], [0. 0. 0. 0. 0. 0. 0. 0. 0.]
[0.5 0.1 0. ], [ 0.076 -0.042  0.001], [0.012 0.003 0.    0.   ], [0. 0. 0. 0. 0. 0. 0. 0. 0.]
[0.6 0.1 0. ], [ 0.152 -0.075  0.001], [0.022 0.008 0.    0.   ], [0. 0. 0. 0. 0. 0. 0. 0. 0.]
[0.7 0.1 0. ], [ 0.232 -0.102  0.001], [0.033 0.013 0.    0.   ], [0. 0. 0. 0. 0. 0. 0. 0. 0.]
[0.  0.2 0. ], [-0.  0.  0.], [-0.  0. -0.  0.], [0. 0. 0. 0. 0. 0. 0. 0. 0.]
[0.1 0.2 0. ], [-0.  0.  0.], [-0.  0. -0.  0.], [0. 0. 0. 0. 0. 0. 0. 0. 0.]
[0.2 0.2 0. ], [-0.  0.  0.], [-0. -0. -0.  0.], [0. 0. 0. 0. 0. 0. 0. 0. 0.]
[0.3 0.2 0. ], [-0.  0. -0.], [-0. -0. -0.  0.], [0. 0. 0. 0. 0. 0. 0. 0. 0.]
[0.4 0.2 0. ], [-0.004  0.002 -0.   ], [-0.001 -0.    -0.     0.   ], [0. 0. 0. 0. 0. 0. 0. 0. 0.]
[0.5 0.2 0. ], [ 0.043 -0.018  0.   ], [0.006 0.002 0.    0.   ], [0. 0. 0. 0. 0. 0. 0. 0. 0.]
[0.6 0.2 0. ], [ 0.124 -0.046  0.001], [0.017 0.008 0.    0.   ], [0. 0. 0. 0. 0. 0. 0. 0. 0.]
[0.7 0.2 0. ], [ 0.209 -0.069  0.001], [0.027 0.014 0.    0.   ], [0. 0. 0. 0. 0. 0. 0. 0. 0.]
[0.  0.3 0. ], [-0.  0.  0.], [-0.  0. -0.  0.], [0. 0. 0. 0. 0. 0. 0. 0. 0.]
[0.1 0.3 0. ], [-0.  0.  0.], [-0.  0. -0.  0.], [0. 0. 0. 0. 0. 0. 0. 0. 0.]
[0.2 0.3 0. ], [-0.  0.  0.], [-0. -0. -0.  0.], [0. 0. 0. 0. 0. 0. 0. 0. 0.]
[0.3 0.3 0. ], [-0.  0.  0.], [-0. -0. -0.  0.], [0. 0. 0. 0. 0. 0. 0. 0. 0.]
[0.4 0.3 0. ], [-0.  0. -0.], [-0. -0. -0.  0.], [0. 0. 0. 0. 0. 0. 0. 0. 0.]
[0.5 0.3 0. ], [ 0.015 -0.004  0.   ], [ 0.002  0.001  0.    -0.   ], [0. 0. 0. 0. 0. 0. 0. 0. 0.]
[0.6 0.3 0. ], [ 0.102 -0.026  0.001], [0.012 0.007 0.    0.   ], [0. 0. 0. 0. 0. 0. 0. 0. 0.]
[0.7 0.3 0. ], [ 0.191 -0.043  0.001], [0.023 0.014 0.    0.   ], [0. 0. 0. 0. 0. 0. 0. 0. 0.]
[0.  0.4 0. ], [-0.  0.  0.], [-0.  0. -0.  0.], [0. 0. 0. 0. 0. 0. 0. 0. 0.]
[0.1 0.4 0. ], [-0.  0.  0.], [-0.  0. -0.  0.], [0. 0. 0. 0. 0. 0. 0. 0. 0.]
[0.2 0.4 0. ], [-0.  0.  0.], [-0. -0. -0.  0.], [0. 0. 0. 0. 0. 0. 0. 0. 0.]
[0.3 0.4 0. ], [-0.  0.  0.], [-0. -0. -0.  0.], [0. 0. 0. 0. 0. 0. 0. 0. 0.]
[0.4 0.4 0. ], [-0.  0. -0.], [-0. -0. -0.  0.], [0. 0. 0. 0. 0. 0. 0. 0. 0.]
[0.5 0.4 0. ], [-0.004  0.001 -0.   ], [-0. -0. -0.  0.], [0. 0. 0. 0. 0. 0. 0. 0. 0.]
[0.6 0.4 0. ], [ 0.087 -0.011  0.001], [0.01  0.007 0.    0.   ], [0. 0. 0. 0. 0. 0. 0. 0. 0.]
[0.7 0.4 0. ], [ 0.179 -0.021  0.001], [0.02  0.015 0.    0.   ], [0. 0. 0. 0. 0. 0. 0. 0. 0.]
[0.  0.5 0. ], [-0. -0. -0.], [-0. -0.  0. -0.], [0. 0. 0. 0. 0. 0. 0. 0. 0.]
[0.1 0.5 0. ], [-0.  0.  0.], [-0.  0. -0.  0.], [0. 0. 0. 0. 0. 0. 0. 0. 0.]
[0.2 0.5 0. ], [-0.  0.  0.], [-0. -0. -0.  0.], [0. 0. 0. 0. 0. 0. 0. 0. 0.]
[0.3 0.5 0. ], [-0.  0.  0.], [-0. -0. -0.  0.], [0. 0. 0. 0. 0. 0. 0. 0. 0.]
[0.4 0.5 0. ], [-0.004 -0.    -0.   ], [-0. -0.  0. -0.], [0. 0. 0. 0. 0. 0. 0. 0. 0.]
[0.5 0.5 0. ], [-0.012  0.    -0.   ], [-0.001 -0.001  0.    -0.   ], [0. 0. 0. 0. 0. 0. 0. 0. 0.]
[0.6 0.5 0. ], [ 0.081 -0.001  0.001], [0.008 0.008 0.    0.   ], [0. 0. 0. 0. 0. 0. 0. 0. 0.]
[0.7 0.5 0. ], [ 0.174 -0.002  0.001], [0.017 0.017 0.    0.   ], [0. 0. 0. 0. 0. 0. 0. 0. 0.]
[0.  0.6 0. ], [-0. -0. -0.], [-0. -0.  0. -0.], [0. 0. 0. 0. 0. 0. 0. 0. 0.]
[0.1 0.6 0. ], [-0. -0. -0.], [-0. -0. -0.  0.], [0. 0. 0. 0. 0. 0. 0. 0. 0.]
[0.2 0.6 0. ], [-0. -0. -0.], [-0. -0.  0. -0.], [0. 0. 0. 0. 0. 0. 0. 0. 0.]
[0.3 0.6 0. ], [-0. -0. -0.], [-0. -0.  0. -0.], [0. 0. 0. 0. 0. 0. 0. 0. 0.]
[0.4 0.6 0. ], [-0. -0. -0.], [-0. -0.  0. -0.], [0. 0. 0. 0. 0. 0. 0. 0. 0.]
[0.5 0.6 0. ], [-0.005 -0.001 -0.   ], [-0.    -0.001  0.    -0.   ], [0. 0. 0. 0. 0. 0. 0. 0. 0.]
[0.6 0.6 0. ], [0.085 0.009 0.001], [0.007 0.009 0.    0.   ], [0. 0. 0. 0. 0. 0. 0. 0. 0.]
[0.7 0.6 0. ], [0.177 0.017 0.001], [0.016 0.019 0.    0.   ], [0. 0. 0. 0. 0. 0. 0. 0. 0.]
[0.  0.7 0. ], [-0. -0. -0.], [ 0. -0.  0. -0.], [0. 0. 0. 0. 0. 0. 0. 0. 0.]
[0.1 0.7 0. ], [-0. -0. -0.], [-0. -0. -0.  0.], [0. 0. 0. 0. 0. 0. 0. 0. 0.]
[0.2 0.7 0. ], [-0.005 -0.002 -0.   ], [-0.    -0.001 -0.     0.   ], [0. 0. 0. 0. 0. 0. 0. 0. 0.]
[0.3 0.7 0. ], [0.061 0.022 0.001], [0.004 0.008 0.    0.   ], [0. 0. 0. 0. 0. 0. 0. 0. 0.]
[0.4 0.7 0. ], [0.147 0.044 0.001], [0.01  0.019 0.    0.   ], [0. 0. 0. 0. 0. 0. 0. 0. 0.]
[0.5 0.7 0. ], [0.012 0.003 0.   ], [ 0.001  0.001 -0.     0.   ], [0. 0. 0. 0. 0. 0. 0. 0. 0.]
[0.6 0.7 0. ], [0.098 0.022 0.001], [0.007 0.012 0.    0.   ], [0. 0. 0. 0. 0. 0. 0. 0. 0.]
[0.7 0.7 0. ], [0.188 0.038 0.001], [0.015 0.022 0.    0.   ], [0. 0. 0. 0. 0. 0. 0. 0. 0.]
[0.  0.8 0. ], [-0. -0. -0.], [ 0. -0. -0.  0.], [0. 0. 0. 0. 0. 0. 0. 0. 0.]
[0.1 0.8 0. ], [-0.001 -0.001 -0.   ], [-0. -0. -0.  0.], [0. 0. 0. 0. 0. 0. 0. 0. 0.]
[0.2 0.8 0. ], [0.02  0.013 0.   ], [ 0.001  0.003  0.    -0.   ], [0. 0. 0. 0. 0. 0. 0. 0. 0.]
[0.3 0.8 0. ], [0.09  0.049 0.001], [0.004 0.014 0.    0.   ], [0. 0. 0. 0. 0. 0. 0. 0. 0.]
[0.4 0.8 0. ], [0.169 0.077 0.001], [0.009 0.024 0.    0.   ], [0. 0. 0. 0. 0. 0. 0. 0. 0.]
[0.5 0.8 0. ], [0.253 0.1   0.001], [0.015 0.034 0.    0.   ], [0. 0. 0. 0. 0. 0. 0. 0. 0.]
[0.6 0.8 0. ], [0.339 0.118 0.002], [0.022 0.044 0.001 0.001], [0. 0. 0. 0. 0. 0. 0. 0. 0.]
[0.7 0.8 0. ], [0.205 0.064 0.001], [0.014 0.026 0.    0.   ], [0. 0. 0. 0. 0. 0. 0. 0. 0.]
[0.  0.9 0. ], [-0. -0. -0.], [ 0. -0. -0.  0.], [0. 0. 0. 0. 0. 0. 0. 0. 0.]
[0.1 0.9 0. ], [0.011 0.013 0.   ], [-0.     0.002  0.    -0.   ], [0. 0. 0. 0. 0. 0. 0. 0. 0.]
[0.2 0.9 0. ], [0.06  0.053 0.001], [0.001 0.011 0.    0.   ], [0. 0. 0. 0. 0. 0. 0. 0. 0.]
[0.3 0.9 0. ], [0.123 0.09  0.001], [0.003 0.021 0.    0.   ], [0. 0. 0. 0. 0. 0. 0. 0. 0.]
[0.4 0.9 0. ], [0.196 0.12  0.001], [0.007 0.031 0.    0.   ], [0. 0. 0. 0. 0. 0. 0. 0. 0.]
[0.5 0.9 0. ], [0.274 0.145 0.002], [0.013 0.041 0.001 0.001], [0. 0. 0. 0. 0. 0. 0. 0. 0.]
[0.6 0.9 0. ], [0.357 0.166 0.002], [0.018 0.051 0.001 0.001], [0. 0. 0. 0. 0. 0. 0. 0. 0.]
[0.7 0.9 0. ], [0.442 0.184 0.001], [0.025 0.061 0.002 0.002], [0. 0. 0. 0. 0. 0. 0. 0. 0.]
[0. 1. 0.], [0.018 0.038 0.   ], [-0.002  0.005  0.    -0.   ], [0. 0. 0. 0. 0. 0. 0. 0. 0.]
[0.1 1.  0. ], [0.05  0.073 0.001], [-0.002  0.012  0.     0.   ], [0. 0. 0. 0. 0. 0. 0. 0. 0.]
[0.2 1.  0. ], [0.097 0.109 0.001], [-0.001  0.02   0.     0.   ], [0. 0. 0. 0. 0. 0. 0. 0. 0.]
[0.3 1.  0. ], [0.156 0.142 0.001], [0.001 0.029 0.    0.   ], [0. 0. 0. 0. 0. 0. 0. 0. 0.]
[0.4 1.  0. ], [0.224 0.172 0.001], [0.005 0.039 0.001 0.001], [0. 0. 0. 0. 0. 0. 0. 0. 0.]
[0.5 1.  0. ], [0.298 0.198 0.002], [0.01  0.048 0.001 0.001], [0. 0. 0. 0. 0. 0. 0. 0. 0.]
[0.6 1.  0. ], [0.377 0.221 0.001], [0.015 0.058 0.001 0.001], [0. 0. 0. 0. 0. 0. 0. 0. 0.]
[0.7 1.  0. ], [0.459 0.24  0.001], [0.021 0.068 0.002 0.002], [0. 0. 0. 0. 0. 0. 0. 0. 0.]
[0.  1.1 0. ], [0.047 0.118 0.001], [-0.007  0.016  0.     0.   ], [0. 0. 0. 0. 0. 0. 0. 0. 0.]
[0.1 1.1 0. ], [0.083 0.145 0.001], [-0.006  0.022  0.     0.   ], [0. 0. 0. 0. 0. 0. 0. 0. 0.]
[0.2 1.1 0. ], [0.13  0.175 0.001], [-0.004  0.03   0.     0.   ], [0. 0. 0. 0. 0. 0. 0. 0. 0.]
[0.3 1.1 0. ], [0.186 0.205 0.001], [-0.002  0.038  0.001  0.001], [0. 0. 0. 0. 0. 0. 0. 0. 0.]
[0.4 1.1 0. ], [0.251 0.233 0.002], [0.002 0.047 0.001 0.001], [0. 0. 0. 0. 0. 0. 0. 0. 0.]
[0.5 1.1 0. ], [0.322 0.258 0.002], [0.006 0.056 0.001 0.001], [0. 0. 0. 0. 0. 0. 0. 0. 0.]
[0.6 1.1 0. ], [0.398 0.281 0.001], [0.011 0.066 0.002 0.002], [0. 0. 0. 0. 0. 0. 0. 0. 0.]
[0.7 1.1 0. ], [0.478 0.301 0.001], [0.017 0.075 0.002 0.002], [0. 0. 0. 0. 0. 0. 0. 0. 0.]
[0.  1.2 0. ], [0.069 0.202 0.001], [-0.013  0.027  0.     0.   ], [0. 0. 0. 0. 0. 0. 0. 0. 0.]
[0.1 1.2 0. ], [0.109 0.224 0.001], [-0.011  0.033  0.     0.   ], [0. 0. 0. 0. 0. 0. 0. 0. 0.]
[0.2 1.2 0. ], [0.158 0.249 0.001], [-0.009  0.04   0.001  0.001], [0. 0. 0. 0. 0. 0. 0. 0. 0.]
[0.3 1.2 0. ], [0.214 0.275 0.002], [-0.006  0.048  0.001  0.001], [0. 0. 0. 0. 0. 0. 0. 0. 0.]
[0.4 1.2 0. ], [0.277 0.3   0.002], [-0.002  0.056  0.001  0.001], [0. 0. 0. 0. 0. 0. 0. 0. 0.]
[0.5 1.2 0. ], [0.346 0.324 0.001], [0.002 0.065 0.001 0.001], [0. 0. 0. 0. 0. 0. 0. 0. 0.]
[0.6 1.2 0. ], [0.42  0.346 0.001], [0.007 0.074 0.002 0.002], [0. 0. 0. 0. 0. 0. 0. 0. 0.]
[0.7 1.2 0. ], [0.497 0.366 0.001], [0.013 0.083 0.003 0.003], [0. 0. 0. 0. 0. 0. 0. 0. 0.]
[0.  1.3 0. ], [0.087 0.29  0.002], [-0.02   0.037  0.001  0.001], [0. 0. 0. 0. 0. 0. 0. 0. 0.]
[0.1 1.3 0. ], [0.131 0.307 0.002], [-0.017  0.043  0.001  0.001], [0. 0. 0. 0. 0. 0. 0. 0. 0.]
[0.2 1.3 0. ], [0.181 0.328 0.002], [-0.014  0.05   0.001  0.001], [0. 0. 0. 0. 0. 0. 0. 0. 0.]
[0.3 1.3 0. ], [0.238 0.35  0.001], [-0.011  0.057  0.001  0.001], [0. 0. 0. 0. 0. 0. 0. 0. 0.]
[0.4 1.3 0. ], [0.301 0.373 0.001], [-0.007  0.065  0.002  0.002], [0. 0. 0. 0. 0. 0. 0. 0. 0.]
[0.5 1.3 0. ], [0.368 0.395 0.001], [-0.003  0.074  0.002  0.002], [0. 0. 0. 0. 0. 0. 0. 0. 0.]
[0.6 1.3 0. ], [0.44  0.416 0.001], [0.002 0.083 0.002 0.002], [0. 0. 0. 0. 0. 0. 0. 0. 0.]
[0.7 1.3 0. ], [0.516 0.436 0.   ], [0.008 0.091 0.003 0.003], [0. 0. 0. 0. 0. 0. 0. 0. 0.]
[0.  1.4 0. ], [0.101 0.379 0.002], [-0.027  0.047  0.001  0.001], [0. 0. 0. 0. 0. 0. 0. 0. 0.]
[0.1 1.4 0. ], [0.149 0.393 0.002], [-0.024  0.053  0.001  0.001], [0. 0. 0. 0. 0. 0. 0. 0. 0.]
[0.2 1.4 0. ], [0.201 0.411 0.001], [-0.02   0.059  0.001  0.001], [0. 0. 0. 0. 0. 0. 0. 0. 0.]
[0.3 1.4 0. ], [0.259 0.43  0.001], [-0.017  0.067  0.002  0.002], [0. 0. 0. 0. 0. 0. 0. 0. 0.]
[0.4 1.4 0. ], [0.322 0.45  0.001], [-0.012  0.075  0.002  0.002], [0. 0. 0. 0. 0. 0. 0. 0. 0.]
[0.5 1.4 0. ], [0.389 0.47  0.001], [-0.008  0.083  0.002  0.002], [0. 0. 0. 0. 0. 0. 0. 0. 0.]
[0.6 1.4 0. ], [0.46  0.49  0.001], [-0.003  0.091  0.003  0.003], [0. 0. 0. 0. 0. 0. 0. 0. 0.]
[0.7 1.4 0. ], [0.535 0.508 0.   ], [0.002 0.1   0.004 0.004], [0. 0. 0. 0. 0. 0. 0. 0. 0.]
[0.7 1.4 0. ], [0.535 0.508 0.   ], [0.002 0.1   0.004 0.004], [0. 0. 0. 0. 0. 0. 0. 0. 0.]
