Position, Position error, Orientation error, Joint error
[0 0 0], [ 0.007  0.008 -0.005], [-0.    -0.006  0.    -0.   ], [ 0.007  0.014  0.002  0.012 -0.002  0.008  0.018 -0.     0.   ]
[0.1 0.  0. ], [ 0.009  0.009 -0.005], [ 0.    -0.006  0.001 -0.001], [ 0.011  0.014  0.001  0.01  -0.002  0.008  0.018 -0.     0.   ]
[0.2 0.  0. ], [ 0.01   0.011 -0.006], [ 0.001 -0.005  0.001 -0.001], [ 0.015  0.014 -0.002  0.007 -0.002  0.008  0.019 -0.     0.   ]
[0.3 0.  0. ], [-0.01  -0.002 -0.007], [ 0.008  0.    -0.016  0.016], [ 0.007  0.005  0.    -0.044 -0.001 -0.     0.009  0.    -0.   ]
[0.4 0.  0. ], [-0.105 -0.232 -0.068], [ 0.163  0.053 -0.186  0.291], [ 0.     0.    -0.    -0.714 -0.    -0.156 -0.    -0.     0.   ]
[0.5 0.  0. ], [-0.022 -0.285 -0.068], [ 0.16   0.063 -0.186  0.292], [-0.     0.    -0.    -0.716  0.    -0.135 -0.    -0.     0.   ]
[0.6 0.  0. ], [ 0.066 -0.329 -0.068], [ 0.156  0.072 -0.186  0.291], [ 0.    -0.     0.    -0.716 -0.    -0.112  0.     0.     0.   ]
[0.7 0.  0. ], [ 0.158 -0.366 -0.068], [ 0.153  0.079 -0.186  0.291], [-0.     0.     0.    -0.716 -0.    -0.089 -0.    -0.     0.   ]
[0.  0.1 0. ], [ 0.006  0.01  -0.004], [ 0.    -0.007  0.001 -0.001], [ 0.008  0.015  0.003  0.015 -0.001  0.007  0.021 -0.     0.   ]
[0.1 0.1 0. ], [ 0.007  0.011 -0.004], [ 0.001 -0.007  0.001 -0.001], [ 0.012  0.014  0.001  0.014 -0.001  0.007  0.021 -0.     0.   ]
[0.2 0.1 0. ], [ 0.008  0.013 -0.005], [ 0.001 -0.006  0.002 -0.002], [ 0.015  0.014 -0.001  0.011 -0.002  0.008  0.021 -0.     0.   ]
[0.3 0.1 0. ], [ 0.01   0.015 -0.006], [ 0.002 -0.005  0.002 -0.002], [ 0.02   0.013 -0.002  0.007 -0.001  0.008  0.02  -0.     0.   ]
[0.4 0.1 0. ], [-0.12  -0.189 -0.061], [ 0.15   0.071 -0.171  0.257], [ 0.    -0.     0.    -0.637  0.    -0.181  0.     0.    -0.   ]
[0.5 0.1 0. ], [-0.04  -0.261 -0.067], [ 0.151  0.078 -0.187  0.292], [-0.     0.    -0.    -0.716  0.    -0.149 -0.    -0.     0.   ]
[0.6 0.1 0. ], [ 0.053 -0.301 -0.067], [ 0.147  0.086 -0.187  0.292], [-0.     0.     0.    -0.716 -0.    -0.125 -0.    -0.     0.   ]
[0.7 0.1 0. ], [ 0.149 -0.334 -0.067], [ 0.144  0.092 -0.186  0.292], [-0.     0.     0.    -0.716 -0.    -0.101 -0.    -0.     0.   ]
[0.  0.2 0. ], [ 0.004  0.011 -0.002], [ 0.001 -0.008  0.001 -0.001], [ 0.009  0.015  0.002  0.018 -0.001  0.007  0.024 -0.     0.   ]
[0.1 0.2 0. ], [ 0.005  0.013 -0.003], [ 0.002 -0.008  0.002 -0.002], [ 0.013  0.015  0.001  0.016 -0.001  0.007  0.023 -0.     0.   ]
[0.2 0.2 0. ], [ 0.006  0.015 -0.004], [ 0.002 -0.007  0.003 -0.002], [ 0.017  0.014 -0.001  0.014 -0.001  0.008  0.023 -0.     0.   ]
[0.3 0.2 0. ], [ 0.007  0.018 -0.005], [ 0.002 -0.006  0.003 -0.003], [ 0.021  0.014 -0.002  0.011 -0.002  0.008  0.022 -0.     0.   ]
[0.4 0.2 0. ], [ 0.005  0.023 -0.008], [ 0.002 -0.002  0.004 -0.004], [ 0.027  0.014  0.001  0.007 -0.002  0.009  0.023 -0.     0.   ]
[0.5 0.2 0. ], [-0.05  -0.246 -0.065], [ 0.139  0.094 -0.186  0.291], [-0.    -0.    -0.    -0.712 -0.    -0.161  0.     0.    -0.   ]
[0.6 0.2 0. ], [ 0.047 -0.281 -0.065], [ 0.136  0.1   -0.187  0.292], [-0.     0.     0.    -0.716 -0.    -0.135 -0.    -0.     0.   ]
[0.7 0.2 0. ], [ 0.146 -0.308 -0.065], [ 0.133  0.104 -0.187  0.292], [-0.     0.     0.    -0.716  0.    -0.11   0.     0.    -0.   ]
[0.  0.3 0. ], [-0.006  0.011  0.002], [-0.006 -0.004  0.018 -0.018], [ 0.006  0.003 -0.002  0.049 -0.    -0.     0.001 -0.     0.   ]
[0.1 0.3 0. ], [ 0.002  0.014 -0.002], [ 0.003 -0.008  0.003 -0.003], [ 0.017  0.015  0.     0.019 -0.001  0.007  0.026 -0.     0.   ]
[0.2 0.3 0. ], [ 0.003  0.017 -0.003], [ 0.004 -0.007  0.004 -0.004], [ 0.02   0.014 -0.001  0.016 -0.001  0.007  0.025 -0.     0.   ]
[0.3 0.3 0. ], [ 0.005  0.02  -0.004], [ 0.003 -0.006  0.004 -0.004], [ 0.024  0.014 -0.002  0.013 -0.001  0.008  0.023 -0.     0.   ]
[0.4 0.3 0. ], [ 0.006  0.024 -0.006], [ 0.003 -0.004  0.005 -0.005], [ 0.029  0.014 -0.002  0.009 -0.002  0.008  0.023 -0.     0.   ]
[0.5 0.3 0. ], [-0.051 -0.234 -0.062], [ 0.124  0.109 -0.183  0.281], [-0.    -0.    -0.    -0.69   0.    -0.172 -0.     0.    -0.   ]
[0.6 0.3 0. ], [ 0.05  -0.267 -0.064], [ 0.123  0.113 -0.188  0.292], [ 0.    -0.     0.    -0.716  0.    -0.143  0.     0.    -0.   ]
[0.7 0.3 0. ], [ 0.151 -0.287 -0.064], [ 0.121  0.116 -0.187  0.292], [-0.    -0.    -0.    -0.716  0.    -0.117 -0.    -0.    -0.   ]
[0.  0.4 0. ], [-0.097 -0.074 -0.015], [-0.108  0.161  0.097 -0.061], [-0.    -0.    -0.     0.225  0.    -0.403  0.     0.    -0.   ]
[0.1 0.4 0. ], [-0.002  0.016 -0.001], [ 0.006 -0.008  0.005 -0.005], [ 0.023  0.015  0.     0.02  -0.001  0.007  0.028 -0.     0.   ]
[0.2 0.4 0. ], [-0.     0.019 -0.002], [ 0.005 -0.007  0.006 -0.005], [ 0.026  0.014 -0.001  0.017 -0.001  0.007  0.026 -0.     0.   ]
[0.3 0.4 0. ], [ 0.001  0.023 -0.003], [ 0.005 -0.006  0.006 -0.006], [ 0.029  0.014 -0.002  0.014 -0.001  0.008  0.025 -0.     0.   ]
[0.4 0.4 0. ], [ 0.003  0.026 -0.005], [ 0.004 -0.004  0.007 -0.007], [ 0.032  0.014 -0.002  0.011 -0.002  0.008  0.023 -0.     0.   ]
[0.5 0.4 0. ], [-0.041 -0.227 -0.059], [ 0.105  0.123 -0.177  0.268], [-0.     0.    -0.    -0.66   0.    -0.181 -0.    -0.     0.   ]
[0.6 0.4 0. ], [ 0.062 -0.257 -0.063], [ 0.107  0.125 -0.188  0.293], [-0.     0.    -0.    -0.716 -0.    -0.148 -0.    -0.     0.   ]
[0.7 0.4 0. ], [ 0.164 -0.268 -0.063], [ 0.107  0.127 -0.188  0.292], [ 0.     0.     0.    -0.716 -0.    -0.122 -0.    -0.     0.   ]
[0.  0.5 0. ], [-0.569 -0.264 -0.259], [ 0.334 -0.076 -0.113  1.167], [ 0.724  0.    -0.    -3.307  0.    -0.     0.     0.     0.   ]
[0.1 0.5 0. ], [0.    0.007 0.001], [ 0.001 -0.002  0.007 -0.007], [ 0.017  0.003 -0.003  0.001 -0.    -0.    -0.003 -0.     0.   ]
[0.2 0.5 0. ], [-0.005  0.021 -0.002], [ 0.007 -0.006  0.008 -0.008], [ 0.032  0.014 -0.002  0.018 -0.001  0.007  0.027 -0.     0.   ]
[0.3 0.5 0. ], [-0.003  0.025 -0.003], [ 0.006 -0.006  0.008 -0.008], [ 0.034  0.014 -0.003  0.015 -0.001  0.008  0.025 -0.     0.   ]
[0.4 0.5 0. ], [-0.133 -0.253 -0.141], [ 0.192  0.101 -0.265  0.61 ], [ 0.429 -0.     0.    -1.829  0.    -0.042  0.     0.    -0.   ]
[0.5 0.5 0. ], [-0.012 -0.256 -0.064], [ 0.092  0.136 -0.194  0.306], [ 0.001  0.     0.    -0.747 -0.    -0.173  0.     0.    -0.   ]
[0.6 0.5 0. ], [ 0.086 -0.248 -0.062], [ 0.091  0.136 -0.188  0.293], [ 0.    -0.    -0.    -0.717 -0.    -0.15   0.     0.     0.   ]
[0.7 0.5 0. ], [ 0.186 -0.249 -0.062], [ 0.092  0.136 -0.188  0.293], [-0.    -0.    -0.    -0.716  0.    -0.123 -0.    -0.    -0.   ]
[0.  0.6 0. ], [ 0.383  0.415 -0.935], [-0.26  -0.802  0.261  0.406], [-1.308 -2.195  0.    -2.803 -0.    -2.651 -0.26   0.    -0.   ]
[0.1 0.6 0. ], [ 0.507  0.427 -0.921], [-0.273 -0.782  0.246  0.388], [-1.114 -1.922 -0.    -2.333  0.    -2.928 -0.36  -0.    -0.   ]
[0.2 0.6 0. ], [-0.345 -0.157 -0.187], [ 0.249  0.071 -0.257  0.764], [ 0.919 -0.    -0.    -2.627  0.    -0.     0.     0.    -0.   ]
[0.3 0.6 0. ], [-0.24  -0.154 -0.174], [ 0.224  0.094 -0.262  0.657], [ 0.768 -0.    -0.    -2.264 -0.    -0.     0.     0.     0.   ]
[0.4 0.6 0. ], [-0.133 -0.153 -0.142], [ 0.183  0.117 -0.253  0.531], [ 0.58   0.     0.    -1.816 -0.    -0.042  0.     0.    -0.   ]
[0.5 0.6 0. ], [-0.015 -0.155 -0.072], [ 0.094  0.142 -0.18   0.277], [ 0.186  0.    -0.    -0.869  0.    -0.157  0.     0.    -0.   ]
[0.6 0.6 0. ], [ 0.089 -0.155 -0.061], [ 0.081  0.141 -0.165  0.245], [ 0.11  -0.    -0.    -0.717  0.    -0.148  0.     0.    -0.   ]
[0.7 0.6 0. ], [ 0.188 -0.155 -0.061], [ 0.083  0.14  -0.167  0.249], [ 0.098  0.    -0.    -0.716 -0.    -0.122  0.    -0.     0.   ]
[0.  0.7 0. ], [ 0.4    0.524 -0.925], [-0.237 -0.798  0.263  0.376], [-0.853 -2.032 -0.    -2.571 -0.    -2.817  0.     0.    -0.   ]
[0.1 0.7 0. ], [ 0.509  0.528 -0.92 ], [-0.275 -0.78   0.245  0.387], [-0.713 -1.848 -0.    -2.103 -0.    -3.003 -0.156  0.    -0.   ]
[0.2 0.7 0. ], [ 0.629  0.536 -0.908], [-0.284 -0.763  0.233  0.371], [-0.308 -1.638  0.    -1.255  0.    -3.213 -0.511 -0.    -0.   ]
[0.3 0.7 0. ], [ 0.738  0.54  -0.903], [-0.287 -0.756  0.228  0.364], [-0.062 -1.556 -0.    -0.726 -0.    -3.316 -0.767 -0.     0.   ]
[0.4 0.7 0. ], [ 0.844  0.542 -0.899], [-0.287 -0.75   0.223  0.359], [-0.107 -1.557 -0.    -0.719 -0.    -3.342 -0.821 -0.     0.   ]
[0.5 0.7 0. ], [-0.014 -0.055 -0.07 ], [ 0.082  0.147 -0.146  0.213], [ 0.305  0.    -0.    -0.841  0.    -0.156 -0.    -0.     0.   ]
[0.6 0.7 0. ], [ 0.089 -0.055 -0.061], [ 0.073  0.146 -0.136  0.195], [ 0.226 -0.    -0.    -0.717  0.    -0.144  0.     0.     0.   ]
[0.7 0.7 0. ], [ 0.188 -0.055 -0.061], [ 0.076  0.145 -0.142  0.204], [ 0.202 -0.     0.    -0.716  0.    -0.118 -0.    -0.     0.   ]
[0.  0.8 0. ], [ 0.416  0.632 -0.916], [-0.181 -0.802  0.282  0.328], [-0.403 -1.853 -0.    -2.186 -0.    -2.998  0.    -0.     0.   ]
[0.1 0.8 0. ], [ 0.523  0.634 -0.912], [-0.281 -0.768  0.236  0.376], [-0.257 -1.719 -0.    -1.67   0.    -3.132 -0.074 -0.     0.   ]
[0.2 0.8 0. ], [ 0.596  0.657 -0.906], [-0.245 -0.774  0.214  0.394], [-0.    -1.574  0.    -0.854 -0.    -3.286 -0.476  0.    -0.   ]
[0.3 0.8 0. ], [ 0.7    0.655 -0.906], [-0.249 -0.772  0.215  0.391], [-0.    -1.555 -0.    -0.721 -0.    -3.328 -0.614  0.    -0.   ]
[0.4 0.8 0. ], [ 0.823  0.644 -0.906], [-0.274 -0.763  0.225  0.375], [ 0.    -1.556  0.    -0.718  0.    -3.353 -0.683  0.    -0.   ]
[0.5 0.8 0. ], [ 0.936  0.639 -0.904], [-0.285 -0.757  0.228  0.366], [-0.023 -1.557 -0.    -0.718  0.    -3.377 -0.736 -0.     0.   ]
[0.6 0.8 0. ], [ 1.04   0.642 -0.9  ], [-0.285 -0.753  0.224  0.363], [-0.064 -1.559 -0.    -0.719 -0.    -3.401 -0.777  0.    -0.   ]
[0.7 0.8 0. ], [ 0.192  0.045 -0.055], [ 0.064  0.142 -0.117  0.163], [ 0.303 -0.    -0.    -0.717  0.    -0.111 -0.    -0.     0.   ]
[0.  0.9 0. ], [ 0.394  0.76  -0.904], [-0.157 -0.794  0.245  0.344], [ 0.    -1.682 -0.    -1.567  0.    -3.169 -0.    -0.     0.   ]
[0.1 0.9 0. ], [ 0.415  0.786 -0.903], [-0.159 -0.792  0.178  0.447], [-0.    -1.585 -0.    -0.94  -0.    -3.272 -0.172 -0.     0.   ]
[0.2 0.9 0. ], [ 0.515  0.784 -0.905], [-0.16  -0.794  0.181  0.448], [-0.    -1.557  0.    -0.731 -0.    -3.32  -0.377 -0.     0.   ]
[0.3 0.9 0. ], [ 0.649  0.773 -0.906], [-0.196 -0.788  0.195  0.425], [ 0.    -1.555 -0.    -0.718  0.    -3.343 -0.482 -0.     0.   ]
[0.4 0.9 0. ], [ 0.777  0.763 -0.907], [-0.226 -0.781  0.208  0.407], [-0.    -1.556  0.    -0.718 -0.    -3.366 -0.561  0.    -0.   ]
[0.5 0.9 0. ], [ 0.899  0.753 -0.907], [-0.249 -0.774  0.217  0.392], [-0.    -1.557 -0.    -0.718 -0.    -3.389 -0.624 -0.     0.   ]
[0.6 0.9 0. ], [ 1.017  0.745 -0.907], [-0.268 -0.767  0.225  0.379], [-0.    -1.558 -0.    -0.718 -0.    -3.412 -0.675 -0.     0.   ]
[0.7 0.9 0. ], [ 1.132  0.739 -0.905], [-0.283 -0.76   0.229  0.369], [-0.003 -1.559 -0.    -0.718 -0.    -3.436 -0.717 -0.     0.   ]
[0. 1. 0.], [ 0.183  0.899 -0.896], [-0.01  -0.8    0.136  0.524], [-0.    -1.566  0.    -0.806 -0.    -3.299  0.    -0.     0.   ]
[0.1 1.  0. ], [ 0.322  0.897 -0.901], [-0.066 -0.803  0.148  0.509], [ 0.    -1.557  0.    -0.729  0.    -3.322 -0.138 -0.     0.   ]
[0.2 1.  0. ], [ 0.467  0.892 -0.904], [-0.112 -0.801  0.165  0.479], [ 0.    -1.556 -0.    -0.719  0.    -3.341 -0.267 -0.     0.   ]
[0.3 1.  0. ], [ 0.605  0.884 -0.906], [-0.151 -0.797  0.18   0.454], [-0.    -1.556 -0.    -0.718 -0.    -3.36  -0.371  0.    -0.   ]
[0.4 1.  0. ], [ 0.736  0.875 -0.908], [-0.183 -0.792  0.193  0.434], [ 0.    -1.557 -0.    -0.718 -0.    -3.381 -0.455  0.    -0.   ]
[0.5 1.  0. ], [ 0.86   0.866 -0.909], [-0.209 -0.787  0.203  0.418], [-0.    -1.557  0.    -0.718 -0.    -3.403 -0.524 -0.     0.   ]
[0.6 1.  0. ], [ 0.98   0.858 -0.909], [-0.231 -0.781  0.212  0.405], [-0.    -1.558  0.    -0.718 -0.    -3.425 -0.581 -0.     0.   ]
[0.7 1.  0. ], [ 1.097  0.851 -0.909], [-0.249 -0.776  0.219  0.393], [-0.    -1.559 -0.    -0.718 -0.    -3.448 -0.629 -0.     0.   ]
[0.  1.1 0. ], [ 0.135  0.992 -0.894], [ 0.052 -0.796  0.126  0.546], [ 0.    -1.557  0.    -0.721  0.    -3.333 -0.    -0.     0.   ]
[0.1 1.1 0. ], [ 0.286  0.995 -0.899], [-0.03  -0.803  0.138  0.534], [ 0.    -1.557  0.    -0.719  0.    -3.346 -0.058  0.    -0.   ]
[0.2 1.1 0. ], [ 0.431  0.994 -0.903], [-0.075 -0.804  0.154  0.504], [-0.    -1.557  0.    -0.718 -0.    -3.362 -0.177 -0.     0.   ]
[0.3 1.1 0. ], [ 0.568  0.989 -0.906], [-0.114 -0.803  0.168  0.479], [-0.    -1.557 -0.    -0.718  0.    -3.379 -0.278  0.    -0.   ]
[0.4 1.1 0. ], [ 0.7    0.982 -0.908], [-0.146 -0.8    0.181  0.458], [-0.    -1.557  0.    -0.718  0.    -3.398 -0.363 -0.    -0.   ]
[0.5 1.1 0. ], [ 0.825  0.975 -0.909], [-0.174 -0.796  0.192  0.441], [-0.    -1.558  0.    -0.718 -0.    -3.418 -0.436 -0.     0.   ]
[0.6 1.1 0. ], [ 0.947  0.968 -0.91 ], [-0.197 -0.792  0.201  0.427], [-0.    -1.559 -0.    -0.717 -0.    -3.44  -0.497  0.    -0.   ]
[0.7 1.1 0. ], [ 1.065  0.961 -0.911], [-0.217 -0.787  0.209  0.415], [-0.    -1.559 -0.    -0.717 -0.    -3.461 -0.549 -0.     0.   ]
[0.  1.2 0. ], [ 0.114  1.088 -0.893], [ 0.092 -0.791  0.124  0.546], [ 0.    -1.558  0.    -0.719  0.    -3.359 -0.    -0.     0.   ]
[0.1 1.2 0. ], [ 0.26   1.092 -0.898], [-0.002 -0.803  0.132  0.55 ], [-0.    -1.558 -0.    -0.719 -0.    -3.37   0.     0.    -0.   ]
[0.2 1.2 0. ], [ 0.401  1.093 -0.902], [-0.046 -0.806  0.146  0.524], [-0.    -1.558  0.    -0.718 -0.    -3.383 -0.104  0.    -0.   ]
[0.3 1.2 0. ], [ 0.537  1.09  -0.905], [-0.082 -0.806  0.159  0.5  ], [-0.    -1.558  0.    -0.718 -0.    -3.399 -0.201 -0.     0.   ]
[0.4 1.2 0. ], [ 0.668  1.086 -0.908], [-0.114 -0.805  0.171  0.48 ], [ 0.    -1.558 -0.    -0.718 -0.    -3.417 -0.285  0.    -0.   ]
[0.5 1.2 0. ], [ 0.795  1.081 -0.909], [-0.142 -0.803  0.182  0.462], [-0.    -1.559 -0.    -0.718 -0.    -3.436 -0.358  0.    -0.   ]
[0.6 1.2 0. ], [ 0.917  1.074 -0.911], [-0.166 -0.8    0.192  0.447], [-0.    -1.559 -0.    -0.717 -0.    -3.455 -0.422 -0.     0.   ]
[0.7 1.2 0. ], [ 1.036  1.068 -0.912], [-0.187 -0.796  0.2    0.435], [-0.    -1.56   0.    -0.717 -0.    -3.476 -0.477  0.     0.   ]
[0.  1.3 0. ], [ 0.099  1.184 -0.892], [ 0.123 -0.786  0.123  0.546], [-0.    -1.56   0.    -0.719 -0.    -3.384 -0.     0.    -0.   ]
[0.1 1.3 0. ], [ 0.24   1.189 -0.898], [ 0.039 -0.801  0.13   0.55 ], [-0.    -1.559 -0.    -0.719 -0.    -3.394 -0.    -0.    -0.   ]
[0.2 1.3 0. ], [ 0.377  1.19  -0.902], [-0.022 -0.806  0.14   0.541], [-0.    -1.559 -0.    -0.718 -0.    -3.406 -0.045  0.    -0.   ]
[0.3 1.3 0. ], [ 0.511  1.19  -0.905], [-0.056 -0.808  0.152  0.518], [ 0.    -1.559 -0.    -0.718  0.    -3.421 -0.137  0.    -0.   ]
[0.4 1.3 0. ], [ 0.641  1.187 -0.908], [-0.087 -0.809  0.164  0.498], [ 0.    -1.559 -0.    -0.718  0.    -3.437 -0.219 -0.     0.   ]
[0.5 1.3 0. ], [ 0.767  1.183 -0.91 ], [-0.114 -0.807  0.174  0.481], [-0.    -1.559 -0.    -0.717 -0.    -3.454 -0.291  0.    -0.   ]
[0.6 1.3 0. ], [ 0.89   1.178 -0.911], [-0.138 -0.806  0.184  0.466], [-0.    -1.56   0.    -0.717 -0.    -3.473 -0.355  0.    -0.   ]
[0.7 1.3 0. ], [ 1.01   1.173 -0.913], [-0.16  -0.803  0.192  0.453], [-0.    -1.56  -0.    -0.717 -0.    -3.492 -0.411  0.    -0.   ]
[0.  1.4 0. ], [ 0.087  1.28  -0.891], [ 0.147 -0.78   0.121  0.546], [-0.    -1.561 -0.    -0.719 -0.    -3.409  0.    -0.     0.   ]
[0.1 1.4 0. ], [ 0.223  1.285 -0.897], [ 0.072 -0.798  0.129  0.55 ], [-0.    -1.56  -0.    -0.719 -0.    -3.418  0.    -0.     0.   ]
[0.2 1.4 0. ], [ 0.358  1.287 -0.901], [ 0.    -0.806  0.135  0.554], [-0.    -1.56   0.    -0.718 -0.    -3.429  0.     0.     0.   ]
[0.3 1.4 0. ], [ 0.489  1.288 -0.905], [-0.034 -0.809  0.147  0.533], [ 0.    -1.56   0.    -0.718 -0.    -3.443 -0.083  0.    -0.   ]
[0.4 1.4 0. ], [ 0.618  1.286 -0.908], [-0.063 -0.811  0.158  0.514], [-0.    -1.56  -0.    -0.718 -0.    -3.457 -0.161 -0.     0.   ]
[0.5 1.4 0. ], [ 0.743  1.284 -0.91 ], [-0.09  -0.811  0.168  0.497], [-0.    -1.56  -0.    -0.717 -0.    -3.474 -0.232  0.     0.   ]
[0.6 1.4 0. ], [ 0.866  1.28  -0.912], [-0.113 -0.81   0.178  0.482], [ 0.    -1.56   0.    -0.717 -0.    -3.491 -0.295 -0.     0.   ]
[0.7 1.4 0. ], [ 0.986  1.276 -0.914], [-0.135 -0.809  0.186  0.469], [-0.    -1.561  0.    -0.717 -0.    -3.509 -0.352 -0.     0.   ]
[0.7 1.4 0. ], [ 0.986  1.276 -0.914], [-0.135 -0.809  0.186  0.469], [-0.    -1.561  0.    -0.717 -0.    -3.509 -0.352 -0.     0.   ]
